	PD5182aa	PD5182ab	PD5182ac	PD5182ad	PD5182af	PD5182ag	PD5182ah	PD5182ai	PD5182aj	PD5182ak	PD5182al	PD5182am	PD5182an	PD5182ao	PD5182ap	PD5182aq	PD5182ar	PD5182as	PD5182db_lo0001	PD5182db_lo0002	PD5182db_lo0003	PD5182db_lo0004	PD5182db_lo0005	PD5182db_lo0006	PD5182db_lo0007	PD5182db_lo0008	PD5182db_lo0009	PD5182db_lo0010	PD5182db_lo0011	PD5182db_lo0012	PD5182db_lo0013	PD5182db_lo0014	PD5182db_lo0015	PD5182db_lo0016	PD5182db_lo0017	PD5182db_lo0018	PD5182db_lo0019	PD5182db_lo0020	PD5182db_lo0021	PD5182db_lo0022	PD5182db_lo0023	PD5182db_lo0024	PD5182db_lo0025	PD5182db_lo0026	PD5182db_lo0027	PD5182db_lo0028	PD5182db_lo0029	PD5182db_lo0030	PD5182db_lo0031	PD5182db_lo0032	PD5182dl_lo0001	PD5182dl_lo0002	PD5182dl_lo0004	PD5182dl_lo0005	PD5182dl_lo0006	PD5182dl_lo0007	PD5182dl_lo0008	PD5182dl_lo0009	PD5182dl_lo0010	PD5182dl_lo0011	PD5182dl_lo0012	PD5182dl_lo0013	PD5182dl_lo0014	PD5182dl_lo0015	PD5182dl_lo0016	PD5182dl_lo0017	PD5182dl_lo0018	PD5182dl_lo0019	PD5182dl_lo0020	PD5182dl_lo0021	PD5182dl_lo0022	PD5182dl_lo0023	PD5182dl_lo0024	PD5182dl_lo0025	PD5182dl_lo0027	PD5182dl_lo0028	PD5182dl_lo0029	PD5182dl_lo0030	PD5182dl_lo0031	PD5182dl_lo0032	PD5182dl_lo0033	PD5182dl_lo0034	PD5182dl_lo0035	PD5182dl_lo0036	PD5182dl_lo0037	PD5182dl_lo0038	PD5182dl_lo0039	PD5182dl_lo0040	PD5182dl_lo0041	PD5182dl_lo0042	PD5182dl_lo0043	PD5182dl_lo0044	PD5182dl_lo0045	PD5182dl_lo0046	PD5182dl_lo0047	PD5182dl_lo0048	PD5182dl_lo0049	PD5182dl_lo0050	PD5182dl_lo0051	PD5182dl_lo0052	PD5182dl_lo0053	PD5182dl_lo0054	PD5182dl_lo0055	PD5182dl_lo0056	PD5182dl_lo0057	PD5182dl_lo0058	PD5182dl_lo0059	PD5182dl_lo0060	PD5182dl_lo0061	PD5182dl_lo0062	PD5182dl_lo0063	PD5182dl_lo0064	PD5182dl_lo0065	PD5182dl_lo0067	PD5182dl_lo0068	PD5182dl_lo0069	PD5182dl_lo0070	PD5182dl_lo0071	PD5182dl_lo0072	PD5182dl_lo0073	PD5182dl_lo0074	PD5182dl_lo0075	PD5182dl_lo0076	PD5182dl_lo0077	PD5182dl_lo0078	PD5182dl_lo0079	PD5182dl_lo0080	PD5182dl_lo0081	PD5182dl_lo0082	PD5182dl_lo0083	PD5182dl_lo0084	PD5182dl_lo0085	PD5182dl_lo0086	PD5182dl_lo0087	PD5182dl_lo0088	PD5182dl_lo0089	PD5182dl_lo0090	PD5182dl_lo0091	PD5182dl_lo0092	PD5182dl_lo0093	PD5182dl_lo0094	PD5182dl_lo0095	PD5182dl_lo0096	PD5182j	PD5182k	PD5182l	PD5182m	PD5182n	PD5182o	PD5182p	PD5182q	PD5182r	PD5182s	PD5182t	PD5182u	PD5182v	PD5182w	PD5182x	PD5182y	PD5182z
PD5182aa	0	4222	3680	3386	4191	3659	3510	3508	3621	4110	3596	3743	3578	3727	3763	3712	3902	3567	4132	4198	6236	4466	4462	3909	4551	6582	3998	4011	4003	4023	3802	4095	4647	4612	4632	4854	4006	4199	5256	4341	4788	4589	4806	4374	4235	4108	4153	3956	3836	3953	4232	4235	3900	4035	4307	4803	4200	3895	4269	4165	4966	4280	4738	4482	3825	5023	4840	4390	4140	3786	4242	5249	3825	5135	4242	4052	4179	4200	4436	4060	4000	3775	4329	4558	4813	4057	3994	4255	3762	3788	4127	5055	4156	4338	4037	4182	3931	4126	4337	4177	4127	4515	4269	4086	4181	4483	4303	4419	4676	4298	3815	4216	3934	4373	4069	4148	3806	4437	3837	4381	4192	4283	4332	3995	3863	4454	4935	4120	3883	3983	4626	3875	4666	4467	3847	3877	4603	3740	4259	4247	4593	4376	4312	3441	3250	3514	3992	4180	3705	3734	3655	3662	4111	3611	3931	3611	3501	3851	3386	3635
PD5182ab	4222	0	4334	4050	4841	4347	4230	4212	4301	4778	4272	4409	4274	4363	4473	4390	4560	4199	4796	4852	6896	5140	5152	4569	5211	7202	4716	4745	4649	4667	4510	4707	5341	5226	5332	5516	4702	4861	5848	4965	5476	5213	5436	5040	4881	4756	4837	4620	4484	4627	4898	4923	4540	4685	4925	5449	4918	4587	4915	4875	5614	4964	5400	5150	4531	5663	5544	5078	4828	4494	4920	5875	4495	5793	4908	4698	4855	4898	5154	4746	4668	4475	4975	5192	5479	4745	4662	4917	4446	4440	4757	5713	4818	4976	4703	4850	4603	4816	4973	4857	4779	5159	4917	4744	4829	5167	5043	5137	5332	4942	4479	4900	4608	5049	4743	4820	4506	5103	4513	5099	4896	4937	4978	4701	4535	5128	5557	4776	4543	4703	5290	4591	5286	5193	4563	4533	5235	4426	4899	4917	5249	5058	4960	4131	3944	4202	4666	4854	4397	4422	4357	4324	4759	4253	4583	4287	4145	4495	4082	4301
PD5182ac	3680	4334	0	3512	4311	3741	3668	3574	3737	4222	3730	3811	3690	3789	3919	3864	3988	3635	4278	4326	6366	4602	4598	3997	4709	6724	4178	4243	4087	4125	3962	4183	4823	4724	4780	4992	4158	4317	5350	4437	4970	4719	4890	4508	4333	4216	4263	4090	3964	4077	4394	4363	4026	4169	4435	4911	4346	4059	4395	4283	5044	4400	4854	4628	3957	5147	5016	4522	4320	3926	4348	5371	3899	5289	4356	4184	4333	4344	4574	4226	4144	3869	4445	4684	4933	4173	4122	4349	3912	3900	4249	5175	4280	4476	4163	4318	4051	4292	4501	4315	4205	4663	4411	4190	4299	4637	4497	4607	4798	4390	3929	4344	3972	4481	4209	4284	3962	4577	3917	4547	4354	4433	4440	4173	3995	4592	5021	4240	4005	4151	4742	4021	4774	4633	4009	4001	4717	3874	4391	4411	4643	4492	4402	3549	3338	3650	4112	4312	3891	3836	3811	3780	4271	3701	4055	3723	3567	3977	3552	3733
PD5182ad	3386	4050	3512	0	4047	3523	3384	3348	3443	3954	3440	3581	3400	3559	3621	3572	3718	3417	3966	4020	6066	4358	4322	3737	4395	6488	3866	3931	3835	3879	3664	3909	4553	4438	4504	4678	3868	4035	5118	4141	4668	4401	4656	4234	4035	3940	3995	3806	3670	3789	4084	4099	3736	3861	4121	4643	4092	3769	4083	4057	4830	4158	4584	4328	3669	4867	4722	4248	3992	3640	4080	5101	3661	5013	4086	3898	4009	4058	4328	3922	3856	3609	4149	4374	4655	3895	3838	4079	3610	3610	3943	4923	3982	4194	3887	4034	3761	4016	4175	4009	3983	4343	4099	3920	4029	4377	4195	4287	4556	4144	3625	4062	3768	4235	3923	3974	3658	4317	3661	4265	4088	4131	4144	3867	3691	4302	4761	3930	3739	3863	4460	3739	4514	4357	3715	3717	4425	3588	4105	4119	4429	4244	4152	3273	3106	3346	3826	4042	3577	3544	3539	3468	3971	3445	3763	3431	3339	3681	3272	3463
PD5182af	4191	4841	4311	4047	0	4324	4185	4161	4314	4783	4271	4400	4217	4370	4460	4391	4509	4214	4819	4891	6867	5135	5115	4558	5222	7195	4711	4720	4620	4672	4479	4762	5318	5215	5293	5505	4701	4886	5877	4974	5455	5210	5429	4987	4840	4781	4814	4631	4483	4612	4891	4916	4569	4706	4952	5452	4877	4560	4904	4862	5581	4953	5387	5129	4536	5674	5499	5013	4811	4481	4929	5906	4474	5774	4877	4739	4860	4871	5071	4713	4661	4414	4990	5187	5422	4716	4669	4874	4435	4429	4772	5682	4799	5011	4688	4819	4608	4789	5014	4868	4756	5136	4938	4733	4818	5144	4998	5138	5357	4943	4480	4861	4593	5026	4720	4773	4491	5064	4490	5054	4861	4922	4973	4658	4528	5141	5568	4781	4538	4644	5275	4540	5309	5108	4526	4556	5252	4395	4920	4900	5204	5039	4939	4096	3901	4171	4669	4847	4390	4355	4340	4315	4766	4258	4608	4246	4142	4516	4075	4268
PD5182ag	3659	4347	3741	3523	4324	0	3681	3575	3750	4247	3753	3790	3697	3794	3946	3859	4013	3616	4265	4329	6357	4629	4633	4010	4686	6691	4209	4212	4090	4140	3977	4210	4858	4729	4809	4971	4155	4314	5369	4432	4983	4698	4921	4489	4312	4225	4262	4075	3975	4088	4397	4368	4033	4160	4418	4910	4355	4058	4384	4298	5071	4421	4887	4601	3992	5122	5021	4517	4303	3953	4355	5364	3900	5274	4335	4217	4350	4357	4569	4191	4153	3892	4442	4663	4966	4180	4125	4342	3897	3929	4248	5188	4267	4425	4192	4325	4058	4303	4458	4314	4206	4628	4410	4193	4322	4662	4484	4588	4801	4423	3952	4355	4007	4486	4200	4245	3965	4588	3934	4544	4369	4404	4443	4182	3998	4553	5052	4199	4010	4150	4773	4058	4763	4638	3994	4018	4696	3889	4392	4432	4644	4523	4429	3558	3337	3663	4145	4315	3874	3831	3804	3799	4226	3732	4050	3704	3558	3992	3561	3758
PD5182ah	3510	4230	3668	3384	4185	3681	0	3494	3651	4112	3630	3745	3588	3743	3765	3736	3890	3583	4154	4200	6262	4494	4504	3891	4565	6594	4044	4035	3993	4033	3818	4081	4685	4620	4636	4852	4028	4197	5256	4333	4828	4555	4776	4390	4217	4114	4133	3988	3814	3959	4208	4255	3912	4017	4293	4803	4258	3887	4287	4195	4994	4318	4730	4480	3857	5023	4858	4414	4138	3824	4244	5265	3839	5141	4238	4058	4209	4200	4440	4058	4010	3783	4335	4552	4781	4069	4010	4243	3772	3810	4109	5041	4178	4342	4045	4176	3947	4170	4371	4145	4121	4533	4265	4096	4193	4503	4327	4439	4674	4320	3815	4212	3940	4383	4081	4158	3800	4483	3811	4427	4194	4301	4318	4007	3877	4420	4923	4114	3887	4005	4640	3895	4660	4489	3839	3887	4581	3750	4257	4269	4609	4398	4300	3431	3264	3514	4022	4192	3739	3722	3625	3646	4121	3603	3943	3589	3487	3831	3406	3629
PD5182ai	3508	4212	3574	3348	4161	3575	3494	0	3589	4068	3562	3661	3538	3653	3767	3688	3854	3461	4108	4168	6206	4468	4424	3835	4559	6590	4018	4029	3935	3979	3794	4067	4647	4550	4646	4822	3994	4157	5188	4283	4798	4539	4744	4330	4189	4072	4101	3928	3796	3927	4240	4197	3876	3989	4277	4769	4176	3891	4245	4115	4908	4256	4740	4472	3835	5011	4874	4396	4130	3768	4210	5235	3753	5141	4194	4032	4157	4210	4412	4064	3954	3723	4301	4532	4773	4013	3974	4223	3758	3752	4099	5025	4148	4330	3995	4116	3923	4134	4319	4169	4069	4483	4261	4032	4151	4499	4323	4417	4684	4250	3763	4160	3864	4353	4083	4110	3810	4423	3791	4409	4190	4255	4284	4009	3837	4390	4881	4106	3851	4003	4590	3879	4632	4449	3861	3823	4573	3748	4239	4245	4505	4356	4258	3375	3180	3490	3976	4192	3719	3670	3661	3634	4109	3549	3885	3557	3391	3825	3412	3585
PD5182aj	3621	4301	3737	3443	4314	3750	3651	3589	0	4185	3683	3808	3647	3804	3866	3805	3969	3624	4245	4279	6315	4557	4553	3944	4650	6619	4121	4144	4044	4108	3919	4136	4766	4671	4739	4915	4099	4268	5295	4414	4929	4602	4843	4459	4290	4173	4228	4015	3913	4032	4345	4324	3961	4108	4360	4848	4307	4008	4340	4288	5053	4379	4817	4551	3916	5104	4935	4501	4267	3867	4315	5310	3898	5248	4311	4141	4234	4309	4547	4151	4059	3858	4358	4609	4886	4108	4093	4318	3853	3853	4188	5102	4241	4393	4092	4241	4012	4239	4420	4266	4210	4538	4350	4159	4270	4590	4408	4534	4773	4381	3874	4291	4003	4438	4154	4259	3917	4534	3894	4504	4305	4346	4379	4120	3944	4505	4978	4201	3984	4122	4667	3976	4731	4600	3972	3946	4656	3825	4340	4334	4634	4481	4337	3500	3335	3573	4077	4279	3818	3819	3752	3727	4202	3666	3990	3660	3570	3912	3483	3684
PD5182ak	4110	4778	4222	3954	4783	4247	4112	4068	4185	0	4138	4259	4106	4267	4359	4306	4412	4099	4716	4774	6758	5028	5032	4451	5135	7172	4622	4629	4491	4539	4426	4631	5249	5132	5220	5412	4578	4755	5782	4855	5376	5071	5356	4908	4793	4654	4691	4498	4396	4503	4826	4783	4444	4619	4849	5357	4764	4503	4819	4709	5486	4844	5322	5046	4413	5607	5430	4958	4730	4362	4746	5769	4381	5719	4736	4626	4759	4794	5016	4654	4540	4327	4877	5100	5355	4573	4594	4809	4338	4292	4693	5573	4730	4902	4583	4650	4497	4754	4925	4729	4687	5041	4863	4614	4771	5079	4913	5003	5236	4814	4359	4766	4476	4883	4667	4654	4390	5007	4367	4991	4774	4865	4882	4575	4425	4932	5491	4704	4375	4581	5176	4453	5218	5057	4411	4435	5169	4328	4809	4811	5131	4958	4858	3999	3824	4094	4558	4772	4333	4280	4229	4216	4713	4121	4489	4103	4059	4425	4006	4189
PD5182al	3596	4272	3730	3440	4271	3753	3630	3562	3683	4138	0	3771	3608	3795	3877	3782	3952	3621	4208	4274	6280	4562	4550	3947	4635	6618	4100	4121	3997	4101	3898	4149	4769	4662	4754	4918	4096	4249	5300	4367	4890	4631	4858	4412	4277	4168	4203	3996	3870	4015	4310	4289	3954	4103	4351	4825	4272	3997	4325	4237	5032	4342	4796	4536	3897	5093	4940	4468	4264	3856	4264	5331	3877	5219	4310	4124	4249	4292	4512	4156	4086	3839	4379	4596	4859	4101	4082	4311	3852	3828	4181	5073	4226	4402	4073	4222	4009	4244	4411	4241	4165	4571	4347	4128	4241	4561	4411	4529	4746	4328	3875	4292	4000	4415	4149	4204	3906	4535	3865	4493	4280	4351	4390	4117	3951	4504	4999	4194	3957	4093	4682	3961	4738	4593	3939	3945	4659	3818	4297	4319	4653	4432	4346	3479	3308	3562	4038	4266	3823	3798	3769	3724	4195	3647	3969	3617	3545	3897	3500	3689
PD5182am	3743	4409	3811	3581	4400	3790	3745	3661	3808	4259	3771	0	3757	3860	4002	3921	4057	3682	4337	4395	6449	4659	4677	4066	4760	6777	4243	4268	4152	4202	4015	4278	4862	4817	4855	5035	4223	4390	5447	4516	5021	4752	5011	4521	4412	4277	4330	4151	4025	4132	4437	4436	4081	4216	4496	4986	4445	4140	4456	4356	5101	4465	4955	4677	4020	5204	5091	4619	4347	4001	4403	5450	3974	5338	4393	4275	4388	4441	4637	4279	4187	3946	4518	4745	5010	4234	4191	4408	3987	3985	4322	5284	4335	4549	4232	4351	4132	4377	4526	4374	4284	4702	4468	4241	4380	4706	4538	4664	4865	4457	4006	4403	4057	4548	4270	4331	4023	4648	4004	4604	4423	4512	4537	4210	4068	4659	5088	4309	4096	4218	4831	4100	4873	4724	4072	4070	4786	3945	4440	4460	4732	4565	4457	3600	3415	3723	4193	4367	3954	3893	3878	3825	4300	3778	4092	3764	3616	4048	3635	3808
PD5182an	3578	4274	3690	3400	4217	3697	3588	3538	3647	4106	3608	3757	0	3727	3777	3772	3908	3549	4150	4216	6308	4512	4516	3913	4607	6620	4080	4101	3981	4037	3852	4119	4707	4628	4700	4866	4050	4247	5252	4335	4836	4593	4816	4390	4239	4134	4187	3982	3844	3987	4284	4191	3934	4065	4315	4813	4204	3939	4295	4227	4964	4326	4774	4494	3869	5049	4906	4452	4218	3832	4230	5269	3855	5201	4202	4094	4215	4238	4482	4122	4026	3803	4365	4570	4849	4069	3998	4257	3812	3790	4145	5049	4174	4354	4059	4194	3945	4192	4389	4225	4137	4537	4307	4114	4221	4559	4373	4479	4700	4294	3827	4242	3950	4345	4103	4154	3872	4477	3823	4455	4280	4307	4342	4059	3889	4444	4977	4148	3895	4087	4662	3951	4684	4537	3887	3915	4623	3792	4273	4317	4609	4438	4296	3463	3288	3542	4026	4208	3773	3718	3715	3670	4169	3619	3957	3583	3481	3879	3458	3635
PD5182ao	3727	4363	3789	3559	4370	3794	3743	3653	3804	4267	3795	3860	3727	0	3934	3909	4057	3676	4351	4359	6429	4663	4631	4040	4742	6761	4239	4246	4162	4186	4029	4270	4832	4785	4839	5033	4203	4364	5405	4504	4997	4742	4945	4533	4372	4257	4302	4157	3977	4140	4429	4406	4071	4208	4458	4960	4387	4120	4446	4332	5105	4459	4903	4649	4042	5180	5051	4581	4365	3985	4407	5428	3964	5340	4399	4249	4372	4433	4633	4255	4169	3928	4462	4715	4956	4252	4187	4392	3971	3939	4300	5204	4341	4515	4216	4363	4098	4329	4532	4388	4260	4674	4446	4213	4346	4704	4552	4644	4861	4435	3970	4387	4073	4522	4260	4327	4007	4602	3978	4602	4441	4478	4511	4214	4050	4615	5082	4271	4054	4204	4807	4082	4839	4684	4072	4044	4734	3947	4432	4442	4704	4555	4439	3602	3391	3659	4173	4353	3916	3897	3854	3821	4286	3744	4090	3778	3626	4030	3607	3788
PD5182ap	3763	4473	3919	3621	4460	3946	3765	3767	3866	4359	3877	4002	3777	3934	0	3983	4137	3800	4391	4425	6469	4751	4729	4116	4800	6851	4243	4268	4222	4274	4055	4310	4904	4831	4873	5095	4275	4444	5475	4598	5029	4814	5033	4637	4456	4341	4386	4219	4087	4222	4483	4512	4153	4270	4528	5012	4483	4140	4494	4458	5217	4549	4987	4711	4090	5260	5083	4637	4389	4039	4497	5486	4106	5364	4451	4317	4434	4451	4649	4299	4257	4018	4558	4805	4998	4330	4243	4498	4009	4031	4324	5300	4375	4573	4278	4441	4174	4385	4606	4396	4364	4726	4510	4329	4420	4732	4556	4658	4927	4541	4058	4463	4167	4604	4326	4411	4047	4722	4080	4626	4445	4514	4571	4238	4124	4667	5138	4363	4160	4238	4863	4144	4887	4696	4084	4086	4822	3979	4514	4494	4826	4645	4513	3694	3521	3775	4219	4445	3956	3965	3888	3903	4362	3840	4176	3844	3732	4064	3643	3870
PD5182aq	3712	4390	3864	3572	4391	3859	3736	3688	3805	4306	3782	3921	3772	3909	3983	0	4044	3729	4344	4394	6416	4708	4690	4005	4775	6796	4226	4237	4175	4217	4028	4253	4855	4792	4856	5060	4204	4361	5418	4521	5010	4775	5000	4558	4433	4282	4333	4092	4016	4169	4460	4403	4096	4227	4487	4997	4438	4135	4485	4371	5146	4480	4934	4688	4047	5183	5092	4598	4348	3982	4452	5455	4001	5357	4422	4242	4363	4424	4672	4250	4212	3975	4517	4766	5019	4255	4208	4403	3978	3966	4339	5249	4348	4536	4233	4358	4145	4370	4553	4391	4317	4675	4473	4258	4369	4721	4515	4645	4874	4466	3985	4418	4124	4571	4289	4340	4018	4625	3999	4617	4410	4471	4526	4241	4045	4606	5071	4332	4077	4201	4790	4087	4864	4699	4077	4071	4805	3966	4449	4447	4749	4610	4474	3619	3466	3724	4206	4402	3929	3898	3871	3836	4299	3767	4129	3791	3665	4065	3620	3807
PD5182ar	3902	4560	3988	3718	4509	4013	3890	3854	3969	4412	3952	4057	3908	4057	4137	4044	0	3859	4484	4526	6548	4772	4806	4225	4927	6906	4374	4409	4291	4345	4170	4411	5047	4980	5026	5194	4366	4527	5562	4671	5170	4909	5116	4720	4545	4456	4507	4342	4188	4313	4572	4585	4248	4403	4607	5117	4574	4267	4607	4547	5260	4606	5096	4836	4179	5351	5262	4794	4530	4148	4570	5581	4149	5475	4552	4394	4513	4590	4806	4420	4338	4103	4665	4878	5129	4397	4364	4559	4130	4102	4449	5375	4498	4662	4377	4524	4275	4508	4673	4521	4459	4833	4605	4410	4529	4839	4699	4797	5008	4628	4163	4566	4268	4713	4417	4470	4190	4783	4149	4773	4574	4639	4668	4375	4203	4762	5265	4460	4219	4381	4930	4259	4996	4865	4213	4229	4937	4088	4603	4631	4919	4710	4620	3767	3610	3872	4332	4568	4107	4020	4025	3954	4473	3889	4257	3923	3817	4197	3768	3959
PD5182as	3567	4199	3635	3417	4214	3616	3583	3461	3624	4099	3621	3682	3549	3676	3800	3729	3859	0	4175	4229	6251	4513	4491	3886	4554	6615	4073	4088	3982	4044	3829	4094	4692	4635	4673	4861	4041	4210	5255	4324	4853	4588	4787	4391	4228	4133	4148	3957	3815	3958	4247	4264	3889	4024	4282	4784	4257	3946	4282	4158	4931	4297	4743	4487	3868	5034	4903	4421	4173	3821	4239	5260	3764	5184	4237	4069	4208	4249	4463	4113	4005	3764	4334	4545	4830	4066	3993	4248	3771	3791	4124	5080	4157	4355	4038	4195	3950	4185	4328	4190	4092	4526	4266	4047	4214	4540	4364	4464	4721	4309	3806	4225	3893	4388	4084	4145	3851	4472	3806	4436	4243	4284	4343	4036	3870	4455	4952	4137	3872	4058	4651	3892	4667	4514	3894	3886	4566	3769	4290	4300	4540	4417	4299	3442	3209	3539	4015	4205	3774	3721	3712	3649	4132	3580	3926	3622	3434	3856	3447	3622
PD5182db_lo0001	4132	4796	4278	3966	4819	4265	4154	4108	4245	4716	4208	4337	4150	4351	4391	4344	4484	4175	0	4804	6798	5068	5072	4489	5165	7184	4642	4669	4571	4621	4472	4685	5273	5204	5244	5426	4598	4779	5822	4923	5414	5127	5390	4988	4821	4714	4749	4556	4434	4581	4834	4825	4506	4643	4875	5363	4814	4493	4863	4793	5512	4882	5312	5062	4425	5585	5468	4992	4764	4404	4842	5859	4425	5739	4834	4634	4781	4790	5060	4720	4610	4373	4899	5138	5395	4661	4584	4817	4386	4368	4689	5621	4754	4920	4629	4778	4529	4804	4947	4773	4691	5089	4857	4672	4793	5107	4949	5067	5278	4902	4397	4802	4532	4969	4657	4728	4448	5001	4431	5019	4836	4905	4894	4615	4453	5062	5481	4696	4479	4635	5208	4483	5238	5121	4475	4493	5151	4358	4881	4861	5175	4982	4874	4035	3888	4128	4610	4804	4339	4288	4269	4246	4735	4187	4531	4215	4093	4427	4040	4199
PD5182db_lo0002	4198	4852	4326	4020	4891	4329	4200	4168	4279	4774	4274	4395	4216	4359	4425	4394	4526	4229	4804	0	6856	5170	5110	4533	5189	7198	4694	4695	4641	4689	4450	4753	5317	5262	5298	5484	4672	4831	5840	4969	5448	5211	5420	5032	4847	4748	4821	4612	4480	4609	4862	4891	4540	4657	4925	5401	4886	4557	4895	4869	5628	4942	5386	5112	4491	5625	5512	5040	4816	4444	4858	5875	4469	5819	4896	4692	4803	4876	5044	4712	4666	4423	4955	5182	5445	4681	4624	4895	4402	4466	4747	5705	4774	4972	4665	4852	4565	4810	4939	4827	4783	5131	4897	4740	4795	5129	4987	5069	5340	4968	4471	4860	4564	5017	4719	4786	4472	5087	4483	5093	4876	4913	4958	4675	4503	5080	5555	4754	4545	4669	5244	4547	5276	5133	4521	4497	5219	4406	4891	4881	5237	5016	4914	4087	3910	4154	4622	4824	4381	4374	4327	4298	4775	4253	4561	4239	4147	4483	4072	4303
PD5182db_lo0003	6236	6896	6366	6066	6867	6357	6262	6206	6315	6758	6280	6449	6308	6429	6469	6416	6548	6251	6798	6856	0	7088	7074	6563	7245	9050	6710	6735	6663	6727	6474	6747	7279	7186	7280	7454	6676	6891	7816	6943	7452	7145	7440	6982	6861	6752	6861	6618	6492	6625	6904	6909	6596	6701	6953	7397	6920	6611	6945	6849	7582	6966	7336	7108	6485	7631	7562	7048	6820	6468	6926	7797	6529	7693	6874	6686	6869	6882	7072	6754	6648	6455	6965	7186	7411	6737	6690	6869	6448	6488	6795	7695	6832	6976	6711	6802	6603	6812	6953	6819	6809	7115	6917	6754	6837	7139	6979	7081	7276	6954	6485	6866	6628	6999	6743	6804	6518	7093	6507	7069	6862	6951	6990	6729	6579	7072	7551	6724	6581	6681	7236	6567	7274	7151	6537	6567	7181	6456	6893	6955	7207	7010	6906	6167	5986	6180	6650	6850	6435	6390	6353	6342	6795	6267	6601	6339	6201	6569	6118	6327
PD5182db_lo0004	4466	5140	4602	4358	5135	4629	4494	4468	4557	5028	4562	4659	4512	4663	4751	4708	4772	4513	5068	5170	7088	0	5402	4815	5467	7456	4990	4999	4901	4955	4778	4983	5623	5486	5576	5768	4970	5117	6170	5231	5702	5451	5740	5298	5157	5052	5091	4926	4772	4871	5182	5163	4838	4961	5233	5697	5180	4857	5191	5121	5862	5194	5666	5384	4769	5923	5814	5352	5102	4770	5154	6171	4753	6031	5160	4974	5109	5130	5402	5040	4952	4711	5247	5456	5719	4993	4960	5173	4744	4690	5043	6011	5094	5264	4973	5118	4877	5124	5283	5123	5069	5431	5193	5000	5129	5413	5283	5423	5604	5222	4765	5150	4862	5283	5005	5090	4784	5391	4729	5381	5186	5209	5248	4977	4797	5392	5817	5030	4845	4985	5552	4843	5554	5441	4789	4841	5527	4702	5205	5251	5489	5298	5210	4367	4218	4468	4952	5130	4723	4684	4601	4608	5057	4513	4857	4523	4429	4793	4384	4559
PD5182db_lo0005	4462	5152	4598	4322	5115	4633	4504	4424	4553	5032	4550	4677	4516	4631	4729	4690	4806	4491	5072	5110	7074	5402	0	4799	4695	6610	4932	4979	4895	4927	4774	4915	5579	4698	5554	4968	4876	4317	5356	5265	5762	5497	4878	5268	4335	4216	5077	4906	4756	4877	5176	5203	4846	4153	4429	4901	5192	4867	4371	5133	5758	5202	4858	4602	4737	5131	5822	5312	5086	4710	5150	5321	4781	6075	5136	5010	5151	5134	5368	4996	4934	4695	4427	4660	5715	4995	4128	5155	3890	4738	4223	5925	4290	4456	4957	5086	4041	5136	4449	5137	4689	5405	4391	5008	5085	5397	5257	5387	5572	5252	4719	5108	4862	5293	4217	5082	4780	5255	4755	5361	5144	4421	4444	4917	4775	5410	5839	4254	4797	4947	5514	4833	4756	5441	4809	4801	4699	4684	5155	5201	5515	5336	5196	4383	4202	4440	4942	4322	4695	4642	4601	4578	4259	4531	4885	4537	4395	3979	4338	4563
PD5182db_lo0006	3909	4569	3997	3737	4558	4010	3891	3835	3944	4451	3947	4066	3913	4040	4116	4005	4225	3886	4489	4533	6563	4815	4799	0	4894	6871	4383	4384	4318	4368	4181	4418	4998	4933	5027	5181	4365	4516	5567	4628	5207	4890	5115	4641	4544	4421	4482	4237	4171	4284	4561	4578	4239	4374	4610	5112	4583	4240	4584	4538	5263	4645	5065	4809	4166	5336	5221	4759	4495	4143	4601	5526	4166	5492	4557	4375	4526	4553	4807	4421	4355	4116	4634	4879	5126	4408	4305	4594	4095	4143	4446	5384	4493	4643	4358	4481	4264	4471	4662	4474	4464	4832	4590	4431	4498	4858	4702	4800	5005	4627	4136	4551	4283	4704	4402	4477	4157	4786	4154	4754	4539	4596	4631	4370	4208	4783	5232	4425	4232	4352	4933	4254	4969	4828	4204	4212	4876	4083	4600	4594	4932	4755	4619	3778	3607	3855	4331	4525	4082	4055	4004	3981	4430	3922	4280	3924	3852	4182	3771	3976
PD5182db_lo0007	4551	5211	4709	4395	5222	4686	4565	4559	4650	5135	4635	4760	4607	4742	4800	4775	4927	4554	5165	5189	7245	5467	4695	4894	0	6755	5051	5082	4998	5050	4851	4966	5702	4769	5663	4979	4957	4376	5391	5338	5801	5542	4955	5369	4322	4267	5156	4973	4821	4990	5239	5258	4919	4202	4394	4898	5247	4930	4392	5214	5857	5305	4863	4579	4818	5134	5899	5431	5165	4783	5189	5348	4818	6130	5209	5071	5210	5223	5475	5071	5013	4784	4466	4653	5790	5076	4131	5244	3919	4811	4224	6026	4269	4441	5010	5193	4066	5181	4466	5184	4716	5528	4374	5085	5190	5498	5334	5438	5671	5339	4790	5221	4923	5358	4202	5171	4859	5316	4830	5444	5223	4372	4425	4978	4864	5477	5922	4249	4896	5010	5639	4910	4775	5522	4898	4876	4668	4757	5238	5256	5598	5415	5255	4460	4283	4553	4997	4353	4776	4731	4712	4685	4250	4604	4964	4620	4486	3946	4431	4638
PD5182db_lo0008	6582	7202	6724	6488	7195	6691	6594	6590	6619	7172	6618	6777	6620	6761	6851	6796	6906	6615	7184	7198	9050	7456	6610	6871	6755	0	7078	7071	6977	7027	6886	6963	7595	6740	7616	6970	6974	6403	7370	7277	7764	7511	6962	7312	6421	6302	7187	7008	6878	6967	7216	7231	6904	6217	6509	6981	7282	6965	6531	7183	7854	7296	6982	6692	6837	7151	7856	7428	7150	6828	7164	7395	6849	8071	7188	7078	7171	7250	7430	7110	7028	6797	6531	6724	7743	7075	6246	7241	6026	6814	6341	7907	6402	6544	7025	7180	6159	7150	6555	7165	6745	7435	6479	7060	7157	7477	7341	7429	7662	7292	6815	7148	6926	7343	6295	7138	6830	7281	6853	7409	7222	6487	6546	6991	6875	7460	7865	6332	6905	6993	7578	6897	6810	7459	6927	6891	6769	6768	7219	7263	7539	7386	7302	6491	6322	6518	6992	6408	6763	6752	6709	6686	6373	6615	6959	6627	6529	6117	6510	6689
PD5182db_lo0009	3998	4716	4178	3866	4711	4209	4044	4018	4121	4622	4100	4243	4080	4239	4243	4226	4374	4073	4642	4694	6710	4990	4932	4383	5051	7078	0	4541	4513	4527	4306	4575	5175	5104	5110	5324	4536	4685	5690	4843	5318	5075	5292	4878	4673	4592	4639	4472	4336	4471	4724	4743	4412	4547	4783	5241	4724	4391	4747	4709	5492	4812	5238	4968	4363	5505	5372	4890	4642	4322	4756	5717	4329	5613	4720	4558	4697	4686	4942	4584	4488	4265	4775	5048	5269	4559	4490	4755	4258	4310	4611	5537	4632	4832	4543	4690	4421	4656	4821	4683	4613	5003	4757	4574	4715	4995	4839	4951	5226	4780	4303	4732	4446	4885	4581	4644	4326	4971	4319	4907	4714	4767	4772	4493	4383	4918	5401	4602	4415	4519	5116	4435	5140	4953	4355	4377	5071	4260	4759	4761	5095	4898	4814	3951	3776	4022	4490	4672	4217	4250	4173	4184	4617	4095	4433	4111	3997	4335	3890	4115
PD5182db_lo0010	4011	4745	4243	3931	4720	4212	4035	4029	4144	4629	4121	4268	4101	4246	4268	4237	4409	4088	4669	4695	6735	4999	4979	4384	5082	7071	4541	0	4472	4522	4331	4616	5164	5131	5143	5357	4541	4710	5749	4848	5311	5078	5307	4879	4738	4629	4666	4461	4363	4464	4725	4770	4417	4524	4806	5296	4741	4420	4784	4686	5507	4813	5239	4977	4386	5524	5373	4903	4675	4333	4737	5778	4336	5642	4757	4589	4702	4707	4955	4575	4505	4304	4846	5069	5262	4580	4525	4760	4277	4315	4610	5576	4681	4855	4554	4675	4452	4655	4848	4648	4670	5004	4770	4633	4690	4988	4876	4978	5193	4801	4338	4761	4437	4834	4592	4643	4331	4968	4346	4938	4705	4802	4829	4524	4408	4949	5400	4623	4432	4522	5105	4406	5179	4990	4374	4396	5072	4239	4754	4760	5090	4909	4815	3964	3783	4031	4495	4733	4238	4255	4146	4175	4626	4134	4452	4134	4034	4366	3903	4152
PD5182db_lo0011	4003	4649	4087	3835	4620	4090	3993	3935	4044	4491	3997	4152	3981	4162	4222	4175	4291	3982	4571	4641	6663	4901	4895	4318	4998	6977	4513	4472	0	4434	4259	4474	5110	5015	5103	5265	4457	4624	5629	4746	5255	4978	5171	4771	4628	4507	4594	4377	4283	4388	4659	4648	4293	4442	4704	5198	4645	4346	4694	4628	5345	4721	5141	4889	4262	5430	5307	4813	4593	4231	4637	5678	4232	5612	4621	4483	4620	4659	4885	4497	4411	4202	4724	4977	5218	4466	4441	4664	4207	4219	4554	5450	4569	4747	4464	4577	4344	4613	4756	4592	4530	4922	4678	4501	4638	4926	4774	4872	5093	4705	4244	4659	4335	4760	4506	4547	4259	4884	4246	4846	4663	4712	4727	4456	4296	4869	5360	4551	4310	4484	5047	4340	5079	4962	4302	4318	5002	4163	4688	4718	5008	4791	4715	3870	3709	3975	4429	4615	4190	4131	4138	4069	4566	4008	4334	4002	3914	4260	3859	4022
PD5182db_lo0012	4023	4667	4125	3879	4672	4140	4033	3979	4108	4539	4101	4202	4037	4186	4274	4217	4345	4044	4621	4689	6727	4955	4927	4368	5050	7027	4527	4522	4434	0	4325	4538	5160	5041	5105	5309	4513	4664	5709	4782	5261	5040	5257	4831	4670	4555	4616	4423	4319	4458	4733	4694	4345	4496	4756	5244	4703	4408	4722	4674	5417	4777	5199	4947	4318	5488	5347	4873	4603	4277	4721	5680	4264	5602	4689	4539	4654	4693	4925	4563	4467	4232	4792	5021	5260	4546	4461	4716	4223	4253	4560	5536	4631	4785	4518	4637	4400	4619	4818	4668	4580	4974	4722	4557	4632	4982	4810	4918	5169	4743	4274	4685	4381	4826	4542	4583	4321	4924	4274	4904	4677	4752	4793	4482	4314	4893	5370	4557	4328	4480	5085	4380	5109	4984	4330	4346	5058	4251	4710	4736	5036	4827	4767	3930	3733	3971	4489	4669	4226	4189	4148	4137	4582	4034	4400	4042	3940	4308	3921	4088
PD5182db_lo0013	3802	4510	3962	3664	4479	3977	3818	3794	3919	4426	3898	4015	3852	4029	4055	4028	4170	3829	4472	4450	6474	4778	4774	4181	4851	6886	4306	4331	4259	4325	0	4377	4913	4876	4908	5086	4308	4467	5478	4607	5088	4853	5068	4636	4483	4346	4445	4256	4104	4251	4490	4521	4174	4321	4581	5097	4514	4187	4555	4501	5266	4580	5022	4756	4155	5307	5160	4664	4392	4090	4518	5523	4097	5395	4502	4354	4475	4494	4692	4340	4294	4069	4561	4846	5055	4361	4290	4539	4056	4088	4355	5363	4444	4618	4317	4442	4223	4426	4631	4443	4423	4805	4533	4364	4443	4769	4615	4733	4964	4588	4099	4494	4228	4653	4351	4430	4090	4747	4099	4677	4508	4567	4598	4307	4163	4730	5209	4356	4199	4287	4886	4137	4930	4765	4123	4147	4859	4052	4541	4531	4887	4678	4562	3737	3552	3814	4274	4480	4023	3996	3947	3932	4393	3849	4223	3895	3779	4141	3704	3871
PD5182db_lo0014	4095	4707	4183	3909	4762	4210	4081	4067	4136	4631	4149	4278	4119	4270	4310	4253	4411	4094	4685	4753	6747	4983	4915	4418	4966	6963	4575	4616	4474	4538	4377	0	5228	4983	5213	5257	4561	4554	5625	4854	5355	5080	5235	4929	4606	4493	4682	4469	4355	4482	4791	4786	4417	4456	4662	5176	4785	4474	4666	4730	5479	4849	5155	4907	4344	5410	5447	4937	4693	4317	4765	5628	4348	5676	4763	4573	4716	4783	5005	4605	4557	4282	4724	4941	5300	4584	4405	4750	4179	4321	4526	5564	4573	4743	4566	4711	4344	4681	4744	4686	4576	5022	4654	4615	4688	5054	4904	4980	5205	4815	4344	4731	4467	4912	4480	4685	4343	4972	4350	4930	4739	4696	4709	4560	4400	4953	5432	4507	4408	4564	5127	4432	5055	5040	4416	4412	5006	4293	4786	4790	5098	4929	4829	3964	3783	4035	4503	4595	4274	4265	4228	4173	4534	4128	4474	4144	4024	4232	3955	4150
PD5182db_lo0015	4647	5341	4823	4553	5318	4858	4685	4647	4766	5249	4769	4862	4707	4832	4904	4855	5047	4692	5273	5317	7279	5623	5579	4998	5702	7595	5175	5164	5110	5160	4913	5228	0	5705	5751	5961	5143	5340	6337	5456	5921	5694	5865	5509	5318	5221	5258	5065	4991	5110	5329	5350	5037	5146	5392	5894	5363	5022	5398	5348	6057	5419	5853	5569	4946	6118	5955	5495	5261	4931	5375	6348	4994	6212	5359	5197	5316	5307	5519	5159	5123	4908	5446	5671	5864	5196	5149	5386	4911	4921	5206	6172	5265	5477	5168	5305	5052	5265	5442	5250	5212	5600	5408	5207	5300	5582	5456	5522	5769	5441	4932	5343	5113	5496	5224	5277	4913	5580	4960	5516	5333	5412	5441	5144	5034	5577	6022	5229	5016	5126	5751	5064	5723	5604	4984	5008	5686	4879	5378	5366	5714	5547	5381	4598	4425	4689	5123	5317	4858	4839	4796	4809	5234	4746	5078	4752	4646	4998	4553	4760
PD5182db_lo0016	4612	5226	4724	4438	5215	4729	4620	4550	4671	5132	4662	4817	4628	4785	4831	4792	4980	4635	5204	5262	7186	5486	4698	4933	4769	6740	5104	5131	5015	5041	4876	4983	5705	0	5712	5024	4992	4397	5430	5347	5888	5565	5024	5380	4391	4242	5187	5000	4902	4999	5248	5287	4936	4257	4455	4959	5302	4963	4485	5249	5912	5360	4888	4660	4821	5195	5930	5436	5202	4822	5238	5431	4843	6137	5236	5076	5225	5276	5494	5086	5032	4823	4481	4750	5847	5131	4200	5279	3980	4802	4301	6047	4324	4526	5085	5200	4127	5224	4539	5253	4753	5543	4465	5136	5197	5497	5349	5483	5704	5342	4835	5256	4966	5399	4263	5154	4864	5341	4851	5461	5238	4481	4524	5041	4895	5460	5927	4326	4925	5065	5624	4933	4836	5537	4927	4923	4759	4792	5259	5289	5617	5450	5346	4497	4340	4556	5070	4410	4791	4764	4727	4712	4309	4647	4987	4687	4547	4035	4480	4637
PD5182db_lo0017	4632	5332	4780	4504	5293	4809	4636	4646	4739	5220	4754	4855	4700	4839	4873	4856	5026	4673	5244	5298	7280	5576	5554	5027	5663	7616	5110	5143	5103	5105	4908	5213	5751	5712	0	5920	5146	5319	6294	5411	5914	5653	5866	5506	5311	5212	5267	5086	4930	5057	5324	5337	5002	5161	5385	5853	5342	5031	5385	5295	6068	5418	5812	5570	4953	6091	5942	5486	5220	4920	5328	6319	4941	6189	5344	5184	5289	5324	5532	5160	5146	4883	5433	5618	5861	5171	5122	5333	4918	4912	5217	6169	5272	5454	5137	5292	5027	5228	5457	5253	5221	5559	5357	5206	5283	5589	5413	5523	5794	5412	4927	5320	5016	5483	5173	5274	4936	5567	4939	5505	5318	5373	5410	5127	4981	5534	6019	5256	4991	5055	5706	4995	5722	5583	4923	4975	5705	4842	5367	5333	5631	5526	5406	4583	4404	4636	5076	5306	4827	4838	4785	4778	5193	4701	5049	4731	4603	4975	4528	4729
PD5182db_lo0018	4854	5516	4992	4678	5505	4971	4852	4822	4915	5412	4918	5035	4866	5033	5095	5060	5194	4861	5426	5484	7454	5768	4968	5181	4979	6970	5324	5357	5265	5309	5086	5257	5961	5024	5920	0	5252	4663	5718	5603	6086	5821	5282	5628	4575	4524	5421	5270	5112	5265	5538	5551	5188	4507	4711	5201	5530	5231	4687	5485	6122	5552	5140	4922	5101	5403	6182	5678	5434	5096	5444	5637	5105	6409	5484	5342	5461	5496	5750	5356	5292	5041	4741	4964	6073	5381	4420	5497	4198	5096	4531	6273	4564	4766	5313	5444	4351	5448	4757	5431	5003	5783	4677	5390	5441	5777	5643	5713	5908	5596	5059	5452	5232	5625	4495	5444	5118	5583	5113	5711	5504	4685	4714	5257	5155	5732	6173	4536	5171	5317	5868	5187	5072	5793	5149	5169	5003	5040	5495	5551	5865	5640	5578	4757	4570	4822	5254	4616	5045	5002	4965	4960	4561	4887	5219	4925	4789	4281	4742	4919
PD5182db_lo0019	4006	4702	4158	3868	4701	4155	4028	3994	4099	4578	4096	4223	4050	4203	4275	4204	4366	4041	4598	4672	6676	4970	4876	4365	4957	6974	4536	4541	4457	4513	4308	4561	5143	4992	5146	5252	0	4591	5624	4837	5264	5021	5222	4834	4601	4494	4639	4430	4292	4463	4738	4717	4376	4433	4687	5175	4698	4411	4661	4695	5444	4780	5146	4864	4325	5401	5362	4878	4642	4276	4742	5635	4323	5615	4694	4528	4653	4700	4928	4544	4494	4241	4741	4948	5269	4541	4394	4731	4174	4268	4525	5509	4530	4746	4507	4658	4325	4644	4745	4647	4551	4971	4671	4554	4639	4985	4829	4939	5158	4768	4287	4688	4406	4833	4485	4634	4318	4929	4289	4883	4704	4693	4686	4527	4337	4914	5385	4536	4361	4481	5100	4353	5040	4955	4343	4353	4971	4222	4713	4747	5081	4842	4766	3931	3744	3984	4478	4612	4211	4192	4157	4138	4537	4049	4417	4067	3977	4229	3926	4113
PD5182db_lo0020	4199	4861	4317	4035	4886	4314	4197	4157	4268	4755	4249	4390	4247	4364	4444	4361	4527	4210	4779	4831	6891	5117	4317	4516	4376	6403	4685	4710	4624	4664	4467	4554	5340	4397	5319	4663	4591	0	5063	4954	5477	5168	4625	5015	4060	3915	4772	4559	4477	4600	4873	4896	4563	3862	4094	4586	4877	4572	4078	4808	5493	4903	4543	4273	4444	4796	5525	5031	4777	4425	4839	5036	4446	5756	4877	4731	4834	4867	5113	4711	4659	4402	4100	4351	5454	4724	3831	4918	3575	4443	3920	5668	3961	4157	4662	4823	3740	4819	4134	4816	4404	5112	4100	4711	4820	5130	4976	5092	5301	4915	4426	4819	4561	4970	3888	4809	4459	4954	4478	5060	4857	4060	4099	4598	4492	5109	5538	3919	4526	4664	5257	4528	4449	5126	4512	4506	4380	4403	4864	4934	5214	5029	4935	4090	3891	4149	4657	4025	4408	4369	4324	4271	3938	4246	4570	4266	4140	3654	4075	4258
PD5182db_lo0021	5256	5848	5350	5118	5877	5369	5256	5188	5295	5782	5300	5447	5252	5405	5475	5418	5562	5255	5822	5840	7816	6170	5356	5567	5391	7370	5690	5749	5629	5709	5478	5625	6337	5430	6294	5718	5624	5063	0	6025	6452	6199	5636	6052	5077	4974	5781	5656	5502	5633	5886	5909	5574	4855	5145	5587	5878	5603	5125	5897	6532	5940	5596	5338	5477	5851	6504	6048	5828	5482	5840	6081	5529	6735	5884	5720	5831	5866	6070	5708	5646	5475	5177	5372	6479	5731	4852	5891	4620	5458	4947	6665	5028	5174	5685	5800	4805	5850	5155	5837	5457	6159	5151	5750	5849	6159	6005	6127	6308	5932	5477	5840	5604	6025	4933	5838	5496	5947	5519	6101	5922	5131	5164	5649	5549	6106	6523	5002	5531	5709	6232	5565	5474	6179	5535	5515	5415	5446	5903	5919	6221	6052	5948	5151	4978	5196	5702	5052	5437	5378	5339	5326	4985	5309	5573	5293	5159	4713	5130	5309
PD5182db_lo0022	4341	4965	4437	4141	4974	4432	4333	4283	4414	4855	4367	4516	4335	4504	4598	4521	4671	4324	4923	4969	6943	5231	5265	4628	5338	7277	4843	4848	4746	4782	4607	4854	5456	5347	5411	5603	4837	4954	6025	0	5591	5304	5547	5123	4966	4893	4892	4749	4617	4744	5009	4994	4659	4814	5052	5516	4979	4692	5034	4974	5715	5075	5469	5239	4624	5740	5619	5221	4967	4583	4961	6000	4568	5908	4983	4835	4982	5005	5255	4871	4785	4546	5074	5313	5548	4840	4777	5014	4557	4549	4888	5782	4923	5101	4816	4945	4696	4939	5082	4958	4894	5226	5038	4825	4960	5298	5114	5240	5475	5045	4578	4999	4683	5100	4842	4925	4611	5208	4584	5200	4991	5042	5077	4810	4658	5167	5676	4863	4650	4784	5379	4688	5347	5260	4652	4646	5330	4549	5024	5050	5342	5173	5053	4218	4051	4283	4775	4953	4520	4483	4456	4421	4922	4338	4714	4362	4276	4616	4211	4384
PD5182db_lo0023	4788	5476	4970	4668	5455	4983	4828	4798	4929	5376	4890	5021	4836	4997	5029	5010	5170	4853	5414	5448	7452	5702	5762	5207	5801	7764	5318	5311	5255	5261	5088	5355	5921	5888	5914	6086	5264	5477	6452	5591	0	5793	6068	5636	5495	5392	5445	5236	5094	5247	5484	5495	5194	5333	5555	6041	5484	5173	5513	5477	6226	5544	6014	5732	5129	6285	6082	5632	5388	5086	5484	6497	5103	6347	5500	5356	5469	5406	5698	5282	5236	5049	5607	5800	6015	5305	5286	5501	5052	5104	5339	6313	5448	5614	5287	5412	5215	5388	5595	5411	5385	5793	5549	5384	5423	5739	5587	5713	5936	5566	5089	5498	5194	5623	5361	5420	5076	5735	5113	5651	5464	5563	5598	5265	5183	5742	6167	5418	5173	5263	5868	5181	5912	5735	5103	5139	5847	5020	5497	5511	5837	5664	5584	4737	4570	4790	5296	5464	5017	4992	4929	4934	5415	4901	5209	4869	4779	5115	4666	4925
PD5182db_lo0024	4589	5213	4719	4401	5210	4698	4555	4539	4602	5071	4631	4752	4593	4742	4814	4775	4909	4588	5127	5211	7145	5451	5497	4890	5542	7511	5075	5078	4978	5040	4853	5080	5694	5565	5653	5821	5021	5168	6199	5304	5793	0	5747	5361	5204	5091	5142	4961	4847	4966	5239	5272	4901	5026	5278	5738	5225	4946	5256	5220	5937	5319	5695	5497	4836	5966	5893	5443	5137	4857	5247	6210	4876	6110	5229	5061	5188	5237	5435	5107	4995	4760	5322	5531	5756	5036	4985	5252	4783	4787	5100	6054	5145	5311	5024	5197	4916	5209	5328	5176	5128	5478	5264	5103	5196	5504	5350	5484	5695	5293	4830	5219	4943	5348	5046	5113	4841	5420	4838	5420	5215	5258	5285	5040	4866	5457	5898	5099	4926	5044	5609	4920	5637	5522	4900	4892	5576	4789	5242	5276	5576	5385	5303	4478	4287	4535	5025	5187	4726	4707	4698	4641	5122	4590	4944	4618	4522	4838	4447	4658
PD5182db_lo0025	4806	5436	4890	4656	5429	4921	4776	4744	4843	5356	4858	5011	4816	4945	5033	5000	5116	4787	5390	5420	7440	5740	4878	5115	4955	6962	5292	5307	5171	5257	5068	5235	5865	5024	5866	5282	5222	4625	5636	5547	6068	5747	0	5590	4635	4498	5379	5194	5070	5183	5458	5463	5126	4461	4723	5189	5464	5179	4691	5421	6108	5520	5154	4910	5009	5431	6076	5602	5386	5028	5436	5613	5051	6287	5430	5282	5419	5458	5682	5298	5234	5011	4733	4998	5997	5297	4430	5489	4232	5030	4541	6255	4594	4766	5237	5422	4359	5406	4763	5421	5003	5699	4689	5320	5385	5737	5561	5657	5904	5516	5043	5408	5166	5591	4513	5386	5080	5525	5077	5613	5432	4699	4742	5231	5085	5694	6103	4540	5111	5231	5844	5139	5058	5747	5125	5109	4997	4984	5495	5499	5797	5600	5498	4697	4486	4788	5228	4622	4991	4968	4907	4874	4573	4849	5157	4885	4749	4293	4684	4875
PD5182db_lo0026	4374	5040	4508	4234	4987	4489	4390	4330	4459	4908	4412	4521	4390	4533	4637	4558	4720	4391	4988	5032	6982	5298	5268	4641	5369	7312	4878	4879	4771	4831	4636	4929	5509	5380	5506	5628	4834	5015	6052	5123	5636	5361	5590	0	5025	4928	4949	4758	4658	4795	5072	5025	4734	4845	5103	5567	5052	4761	5091	5015	5736	5108	5564	5304	4687	5795	5714	5206	4980	4624	5050	6013	4609	5949	5032	4872	5011	5058	5268	4932	4806	4569	5153	5368	5601	4859	4838	5043	4602	4612	4923	5809	4956	5172	4873	5006	4749	5006	5155	5015	4945	5311	5079	4916	5001	5333	5171	5265	5508	5106	4631	5002	4720	5155	4899	4980	4672	5229	4631	5251	5034	5105	5154	4875	4713	5250	5737	4930	4707	4857	5432	4739	5462	5279	4697	4723	5383	4588	5051	5117	5339	5168	5102	4259	4084	4332	4794	5006	4569	4552	4533	4446	4929	4405	4725	4407	4303	4677	4236	4427
PD5182db_lo0027	4235	4881	4333	4035	4840	4312	4217	4189	4290	4793	4277	4412	4239	4372	4456	4433	4545	4228	4821	4847	6861	5157	4335	4544	4322	6421	4673	4738	4628	4670	4483	4606	5318	4391	5311	4575	4601	4060	5077	4966	5495	5204	4635	5025	0	3855	4796	4611	4523	4630	4903	4894	4559	3862	4066	4578	4893	4588	4046	4854	5507	4939	4507	4271	4420	4800	5533	5077	4813	4453	4835	5020	4458	5798	4871	4727	4840	4881	5077	4727	4651	4410	4096	4313	5446	4724	3789	4916	3569	4449	3906	5692	3933	4117	4696	4847	3708	4811	4128	4820	4372	5166	4040	4737	4792	5126	5022	5094	5295	4985	4450	4833	4597	5036	3858	4809	4471	4946	4462	5076	4893	4058	4099	4634	4522	5113	5538	3901	4532	4660	5305	4524	4443	5158	4526	4504	4356	4411	4890	4928	5278	5061	4925	4110	3943	4171	4659	3993	4416	4383	4346	4319	3912	4268	4596	4258	4152	3618	4113	4274
PD5182db_lo0028	4108	4756	4216	3940	4781	4225	4114	4072	4173	4654	4168	4277	4134	4257	4341	4282	4456	4133	4714	4748	6752	5052	4216	4421	4267	6302	4592	4629	4507	4555	4346	4493	5221	4242	5212	4524	4494	3915	4974	4893	5392	5091	4498	4928	3855	0	4689	4508	4366	4485	4814	4811	4432	3767	3995	4489	4790	4479	3949	4733	5400	4828	4412	4188	4329	4701	5418	4950	4692	4348	4700	4923	4359	5681	4760	4586	4735	4766	5000	4594	4564	4303	4013	4234	5359	4607	3736	4761	3466	4336	3817	5583	3840	4010	4543	4716	3633	4708	4019	4719	4293	5037	3945	4632	4721	5033	4895	4981	5194	4848	4329	4718	4466	4923	3757	4670	4356	4845	4353	4985	4740	3975	4004	4509	4427	4996	5461	3844	4433	4547	5156	4451	4344	5083	4419	4401	4237	4282	4773	4811	5125	4944	4814	3995	3824	4052	4556	3892	4305	4290	4221	4208	3817	4149	4497	4147	4051	3547	3976	4179
