	PD7271c_lo0001	PD7271c_lo0002	PD7271c_lo0003	PD7271c_lo0004	PD7271c_lo0005	PD7271c_lo0006	PD7271c_lo0007	PD7271c_lo0008	PD7271c_lo0009	PD7271c_lo0010	PD7271c_lo0012	PD7271c_lo0013	PD7271c_lo0014	PD7271c_lo0015	PD7271c_lo0016	PD7271c_lo0017	PD7271c_lo0018	PD7271c_lo0019	PD7271c_lo0020	PD7271c_lo0021	PD7271c_lo0022	PD7271c_lo0024	PD7271c_lo0025	PD7271c_lo0026	PD7271c_lo0027	PD7271c_lo0028	PD7271c_lo0029	PD7271c_lo0030	PD7271c_lo0031	PD7271c_lo0032	PD7271c_lo0033	PD7271c_lo0035	PD7271c_lo0036	PD7271c_lo0037	PD7271c_lo0039	PD7271c_lo0040	PD7271c_lo0041	PD7271c_lo0042	PD7271c_lo0044	PD7271c_lo0045	PD7271c_lo0046	PD7271c_lo0047	PD7271c_lo0048	PD7271c_lo0049	PD7271c_lo0050	PD7271c_lo0052	PD7271c_lo0053	PD7271c_lo0054	PD7271c_lo0055	PD7271c_lo0056	PD7271c_lo0057	PD7271c_lo0058	PD7271c_lo0059	PD7271c_lo0060	PD7271c_lo0061	PD7271c_lo0062	PD7271c_lo0063	PD7271c_lo0064	PD7271c_lo0065	PD7271c_lo0066	PD7271c_lo0067	PD7271c_lo0068	PD7271c_lo0069	PD7271c_lo0070	PD7271c_lo0071	PD7271c_lo0072	PD7271c_lo0073	PD7271c_lo0074	PD7271c_lo0075	PD7271c_lo0076	PD7271c_lo0077	PD7271c_lo0078	PD7271c_lo0079	PD7271c_lo0080	PD7271c_lo0081	PD7271c_lo0082	PD7271c_lo0083	PD7271c_lo0084	PD7271c_lo0085	PD7271c_lo0086	PD7271c_lo0087	PD7271c_lo0088	PD7271c_lo0089	PD7271c_lo0090	PD7271c_lo0091	PD7271c_lo0092	PD7271c_lo0093	PD7271c_lo0094
PD7271c_lo0001	0	2501	2451	2635	2446	2243	2417	2491	2565	2490	2753	2502	2558	2642	2514	2499	2571	2179	3340	2649	2946	2679	2176	2432	2312	2498	2379	2303	2488	2395	2457	2710	2192	2360	2406	2315	2614	2382	2602	2780	2920	2844	2650	2585	2475	2523	2571	2749	2109	2396	2564	2716	2350	2660	2472	2315	2728	2520	2767	2426	2758	2480	2809	2611	2817	2618	2620	2778	2775	2540	2535	2291	2719	2577	2747	2569	2655	2568	2376	2569	2537	2538	2748	2606	2605	2863	2545	2393
PD7271c_lo0002	2501	0	2314	2502	2287	2104	2262	2352	2448	2369	2606	2373	2407	2509	2385	2340	2428	2046	3189	2520	2831	2544	2067	2289	2179	2381	2276	2184	2337	2232	2322	2619	2067	2239	2305	2170	2479	2237	2465	2683	2765	2705	2531	2436	2346	2382	2428	2620	1964	2265	2437	2601	2177	2529	2345	2170	2605	2363	2610	2309	2657	2337	2666	2518	2700	2471	2485	2697	2612	2401	2444	2176	2622	2422	2608	2442	2542	2435	2227	2458	2378	2409	2603	2479	2466	2712	2424	2252
PD7271c_lo0003	2451	2314	0	2462	2263	2078	2254	2320	2438	2321	2564	2369	2429	2461	2359	2308	2404	2008	3183	2504	2791	2540	2027	2245	2159	2361	2232	2172	2327	2220	2294	2567	2067	2189	2275	2146	2469	2231	2447	2661	2745	2701	2527	2400	2324	2356	2414	2578	1942	2219	2385	2575	2181	2505	2313	2148	2581	2341	2584	2261	2601	2325	2652	2484	2694	2455	2465	2651	2616	2375	2402	2138	2594	2406	2606	2422	2524	2427	2185	2408	2382	2387	2591	2447	2430	2700	2402	2240
PD7271c_lo0004	2635	2502	2462	0	2449	2246	2422	2512	2576	2491	2750	2521	2583	2647	2543	2490	2568	2192	3355	2688	2991	2706	2221	2439	2327	2549	2418	2346	2497	2416	2456	2773	2239	2389	2445	2342	2653	2395	2629	2819	2933	2869	2703	2574	2492	2522	2596	2746	2116	2425	2579	2747	2371	2685	2499	2330	2725	2513	2774	2463	2807	2503	2830	2648	2854	2615	2619	2805	2746	2533	2526	2328	2754	2588	2746	2608	2666	2609	2389	2582	2542	2539	2775	2557	2628	2856	2594	2422
PD7271c_lo0005	2446	2287	2263	2449	0	2069	2215	2135	2401	2310	2545	2318	2374	2448	2362	2279	2385	1949	3172	2485	2782	2305	2004	2210	1696	2326	2219	2157	2296	2191	2265	2560	2020	2166	2222	2097	2452	2188	2224	2458	2530	2632	2466	2365	2125	2335	2383	2571	1903	2030	2376	2534	2148	2294	2280	2109	2366	2130	2539	2234	2412	2086	2625	2285	2661	2446	2446	2618	2561	2350	2369	2073	2557	2203	2543	2387	2487	2210	2162	2217	2335	2208	2596	2392	2419	2645	2387	2209
PD7271c_lo0006	2243	2104	2078	2246	2069	0	2000	2098	2232	2123	2390	2141	2187	2263	2151	2092	2190	1808	2981	2286	2617	2284	1821	2069	1919	2139	2030	1956	2111	2008	2088	2363	1837	1971	2073	1942	2273	2013	2233	2421	2535	2479	2287	2202	2116	2148	2196	2396	1726	2013	2215	2393	1977	2267	2097	1932	2355	2107	2378	2087	2409	2103	2440	2254	2480	2239	2239	2457	2386	2153	2194	1914	2358	2216	2394	2242	2304	2213	1989	2206	2174	2169	2401	2247	2224	2506	2212	2040
PD7271c_lo0007	2417	2262	2254	2422	2215	2000	0	2256	2384	2281	2498	2279	2331	2421	2297	2252	2378	1958	3153	2430	2759	2466	1983	2217	2109	2289	2186	2124	2275	2176	2252	2517	1995	2161	2211	2112	2427	2175	2389	2589	2677	2637	2447	2362	2286	2310	2358	2548	1892	2185	2371	2511	2093	2441	2253	2080	2493	2301	2534	2245	2559	2273	2598	2426	2614	2403	2421	2625	2562	2307	2346	2092	2502	2364	2542	2368	2456	2359	2143	2358	2312	2331	2529	2345	2374	2638	2352	2190
PD7271c_lo0008	2491	2352	2320	2512	2135	2098	2256	0	2450	2359	2576	2379	2425	2485	2387	2340	2420	2028	3205	2514	2849	2324	2063	2301	1993	2393	2268	2184	2371	2246	2330	2581	2079	2215	2277	2130	2463	2265	2255	2501	2607	2693	2497	2392	2150	2372	2434	2624	1958	2089	2433	2615	2203	2319	2339	2170	2179	2183	2594	2283	2473	2161	2646	2286	2724	2477	2481	2663	2612	2401	2414	2164	2608	2246	2628	2418	2530	2245	2223	2210	2370	2211	2629	2453	2464	2726	2442	2246
PD7271c_lo0009	2565	2448	2438	2576	2401	2232	2384	2450	0	2483	2690	2509	2513	2605	2497	2462	2564	2162	3319	2648	2953	2654	2173	2427	2283	2477	2378	2292	2469	2370	2428	2709	2189	2333	2413	2292	2607	2359	2589	2773	2915	2837	2663	2554	2450	2506	2580	2732	2088	2359	2587	2717	2325	2615	2461	2284	2705	2481	2706	2405	2757	2443	2780	2638	2814	2593	2587	2737	2730	2501	2532	2282	2714	2560	2706	2546	2642	2557	2331	2566	2518	2529	2737	2565	2544	2832	2526	2392
PD7271c_lo0010	2490	2369	2321	2491	2310	2123	2281	2359	2483	0	2609	2398	2456	2514	2408	2367	2431	2055	3230	2527	2842	2565	2068	2302	2216	2390	2269	2185	2346	2259	2357	2610	2088	2240	2300	2219	2496	2280	2476	2678	2788	2716	2538	2459	2345	2399	2447	2637	1983	2288	2426	2620	2234	2540	2322	2179	2604	2384	2643	2340	2664	2358	2675	2515	2719	2492	2500	2694	2611	2416	2439	2181	2609	2459	2619	2467	2523	2450	2230	2459	2407	2420	2620	2468	2487	2729	2441	2289
PD7271c_lo0012	2753	2606	2564	2750	2545	2390	2498	2576	2690	2609	0	2639	2679	2747	2643	2588	2706	2302	3455	2762	3093	2796	2307	2547	2427	2627	2532	2412	2615	2510	2556	2859	2325	2465	2549	2436	2757	2517	2725	2915	3003	2945	2775	2698	2590	2644	2698	2880	2210	2539	2703	2829	2455	2757	2591	2424	2833	2597	2856	2561	2901	2571	2948	2750	2962	2751	2727	2911	2862	2623	2684	2430	2836	2684	2868	2698	2788	2725	2473	2702	2658	2675	2889	2693	2716	2982	2670	2528
PD7271c_lo0013	2502	2373	2369	2521	2318	2141	2279	2379	2509	2398	2639	0	2440	2534	2404	2353	2467	2069	3226	2523	2878	2561	2096	2300	2198	2404	2287	2199	2376	2259	2343	2622	2098	2244	2348	2221	2538	2258	2504	2706	2814	2746	2554	2473	2375	2423	2477	2639	1989	2298	2468	2614	2236	2536	2388	2219	2618	2382	2669	2318	2666	2372	2677	2541	2727	2520	2514	2706	2655	2422	2447	2181	2647	2447	2655	2467	2559	2442	2254	2473	2421	2420	2642	2472	2481	2753	2465	2309
PD7271c_lo0014	2558	2407	2429	2583	2374	2187	2331	2425	2513	2456	2679	2440	0	2572	2472	2405	2507	2125	3268	2607	2910	2639	2080	2370	2260	2460	2349	2267	2434	2333	2415	2680	2172	2296	2364	2285	2564	2320	2536	2742	2868	2792	2588	2513	2417	2473	2507	2689	2061	2344	2512	2660	2244	2578	2406	2243	2666	2434	2699	2386	2728	2414	2745	2577	2755	2566	2554	2754	2699	2458	2525	2229	2697	2503	2703	2531	2611	2522	2306	2515	2497	2470	2704	2522	2535	2791	2517	2377
PD7271c_lo0015	2642	2509	2461	2647	2448	2263	2421	2485	2605	2514	2747	2534	2572	0	2562	2477	2599	2189	3356	2665	3018	2683	2224	2458	2366	2530	2427	2325	2518	2433	2487	2742	2230	2368	2428	2345	2654	2424	2642	2800	2922	2866	2704	2583	2481	2541	2591	2753	2123	2424	2604	2736	2332	2680	2508	2345	2734	2542	2763	2468	2808	2474	2831	2663	2873	2604	2666	2816	2777	2552	2579	2335	2759	2559	2727	2605	2679	2602	2386	2571	2563	2572	2784	2630	2613	2905	2581	2423
PD7271c_lo0016	2514	2385	2359	2543	2362	2151	2297	2387	2497	2408	2643	2404	2472	2562	0	2389	2487	2085	3266	2581	2876	2583	2100	2330	2214	2420	2315	2241	2392	2291	2351	2612	2126	2278	2354	2237	2554	2298	2544	2710	2830	2756	2566	2481	2405	2433	2431	2663	2021	2322	2488	2620	2240	2542	2384	2209	2636	2412	2677	2356	2686	2396	2693	2527	2733	2536	2544	2732	2693	2438	2481	2219	2653	2479	2649	2499	2549	2486	2268	2479	2429	2464	2652	2506	2499	2777	2467	2343
PD7271c_lo0017	2499	2340	2308	2490	2279	2092	2252	2340	2462	2367	2588	2353	2405	2477	2389	0	2420	2040	3215	2490	2821	2526	2057	2257	2167	2367	2282	2170	2347	2236	2318	2587	2083	2217	2291	2156	2499	2233	2479	2665	2759	2683	2523	2430	2352	2404	2418	2612	1944	2241	2423	2601	2183	2515	2327	2178	2581	2337	2596	2265	2629	2317	2668	2488	2682	2457	2483	2663	2606	2385	2428	2152	2610	2418	2584	2442	2558	2467	2177	2444	2386	2399	2609	2433	2458	2672	2432	2256
PD7271c_lo0018	2571	2428	2404	2568	2385	2190	2378	2420	2564	2431	2706	2467	2507	2599	2487	2420	0	2136	3279	2600	2929	2634	2137	2399	2249	2465	2346	2290	2435	2350	2410	2679	2185	2313	2387	2278	2567	2329	2527	2755	2885	2803	2599	2534	2448	2494	2514	2700	2050	2363	2535	2677	2295	2615	2439	2286	2697	2455	2716	2405	2721	2433	2756	2592	2804	2599	2587	2759	2722	2471	2526	2252	2716	2512	2732	2526	2626	2547	2315	2556	2486	2491	2715	2541	2560	2826	2558	2378
PD7271c_lo0019	2179	2046	2008	2192	1949	1808	1958	2028	2162	2055	2302	2069	2125	2189	2085	2040	2136	0	2899	2214	2545	2224	1755	1979	1851	2075	1942	1884	2053	1956	2002	2293	1765	1917	1979	1858	2173	1939	2151	2347	2461	2401	2205	2122	2040	2098	2130	2326	1650	1957	2117	2311	1883	2207	2023	1864	2279	2049	2286	1971	2299	2021	2370	2186	2420	2171	2183	2373	2330	2095	2126	1818	2300	2106	2332	2148	2230	2135	1917	2142	2078	2089	2327	2157	2150	2412	2140	1946
PD7271c_lo0020	3340	3189	3183	3355	3172	2981	3153	3205	3319	3230	3455	3226	3268	3356	3266	3215	3279	2899	0	3407	3650	3387	2946	3168	3070	3280	3145	3049	3218	3131	3219	3446	2976	3078	3150	3071	3324	3144	3340	3506	3628	3536	3372	3283	3191	3275	3305	3477	2873	3140	3302	3434	3046	3358	3204	3073	3450	3274	3439	3188	3458	3198	3531	3373	3541	3306	3310	3484	3495	3264	3285	3043	3481	3297	3459	3309	3401	3280	3114	3281	3275	3288	3470	3346	3319	3595	3303	3135
PD7271c_lo0021	2649	2520	2504	2688	2485	2286	2430	2514	2648	2527	2762	2523	2607	2665	2581	2490	2600	2214	3407	0	2999	2696	2231	2465	2337	2569	2426	2338	2535	2414	2500	2757	2267	2395	2453	2348	2661	2421	2629	2813	2963	2887	2687	2606	2514	2574	2618	2796	2128	2419	2611	2759	2383	2693	2517	2356	2751	2523	2804	2485	2805	2501	2848	2672	2896	2631	2667	2837	2790	2579	2606	2330	2776	2590	2794	2608	2722	2627	2399	2630	2590	2591	2795	2649	2644	2922	2596	2460
PD7271c_lo0022	2946	2831	2791	2991	2782	2617	2759	2849	2953	2842	3093	2878	2910	3018	2876	2821	2929	2545	3650	2999	0	3027	2556	2792	2652	2870	2759	2681	2832	2753	2803	3084	2586	2680	2778	2683	2976	2748	2926	3124	3256	3166	3026	2923	2847	2883	2913	3127	2465	2754	2958	3068	2714	2988	2830	2677	3068	2868	3113	2810	3100	2844	3141	2961	3163	2922	2960	3160	3105	2914	2911	2657	3083	2905	3087	2905	3013	2930	2732	2921	2895	2888	3106	2948	2959	3209	2943	2769
PD7271c_lo0024	2679	2544	2540	2706	2305	2284	2466	2324	2654	2565	2796	2561	2639	2683	2583	2526	2634	2224	3387	2696	3027	0	2267	2489	2207	2577	2480	2388	2535	2448	2512	2785	2275	2425	2479	2346	2663	2429	2475	2727	2809	2907	2725	2628	2252	2588	2630	2842	2162	2315	2657	2793	2399	2297	2539	2362	2571	2411	2798	2461	2679	2371	2880	2480	2864	2663	2711	2845	2810	2595	2622	2340	2808	2468	2832	2636	2720	2375	2433	2446	2568	2407	2831	2669	2660	2924	2610	2458
PD7271c_lo0025	2176	2067	2027	2221	2004	1821	1983	2063	2173	2068	2307	2096	2080	2224	2100	2057	2137	1755	2946	2231	2556	2267	0	2000	1894	2080	1989	1893	2070	1967	2043	2322	1796	1932	1994	1901	2210	1972	2186	2378	2518	2412	2262	2161	2051	2121	2155	2341	1681	1974	2166	2334	1918	2240	2066	1881	2314	2090	2333	2008	2370	2046	2387	2223	2417	2178	2196	2396	2347	2110	2147	1877	2325	2167	2329	2163	2245	2152	1956	2149	2111	2130	2350	2164	2181	2431	2151	1973
PD7271c_lo0026	2432	2289	2245	2439	2210	2069	2217	2301	2427	2302	2547	2300	2370	2458	2330	2257	2399	1979	3168	2465	2792	2489	2000	0	2082	2322	2223	2125	2320	2199	2273	2530	2030	2174	2244	2137	2460	2222	2418	2594	2724	2634	2480	2377	2313	2359	2377	2569	1903	2182	2406	2570	2152	2450	2304	2123	2522	2310	2567	2240	2588	2266	2603	2457	2627	2432	2446	2622	2567	2346	2387	2105	2569	2359	2553	2409	2473	2390	2190	2377	2347	2352	2570	2400	2409	2685	2373	2235
PD7271c_lo0027	2312	2179	2159	2327	1696	1919	2109	1993	2283	2216	2427	2198	2260	2366	2214	2167	2249	1851	3070	2337	2652	2207	1894	2082	0	2214	2107	2003	2186	2047	2125	2440	1906	2052	2120	1985	2340	2062	2132	2338	2430	2524	2352	2243	2005	2229	2265	2461	1791	1920	2258	2402	2014	2194	2172	1991	2262	2012	2445	2098	2284	1972	2489	2161	2549	2310	2334	2514	2453	2220	2267	1983	2427	2083	2435	2253	2379	2122	2058	2129	2221	2050	2470	2294	2319	2547	2259	2087
PD7271c_lo0028	2498	2381	2361	2549	2326	2139	2289	2393	2477	2390	2627	2404	2460	2530	2420	2367	2465	2075	3280	2569	2870	2577	2080	2322	2214	0	2319	2205	2384	2283	2351	2616	2118	2252	2306	2233	2528	2266	2512	2688	2806	2722	2550	2473	2391	2425	2471	2675	1995	2298	2498	2618	2232	2552	2368	2203	2636	2404	2669	2334	2664	2374	2707	2567	2733	2524	2540	2704	2675	2424	2469	2197	2629	2503	2639	2483	2573	2480	2258	2501	2435	2460	2634	2502	2501	2753	2471	2293
PD7271c_lo0029	2379	2276	2232	2418	2219	2030	2186	2268	2378	2269	2532	2287	2349	2427	2315	2282	2346	1942	3145	2426	2759	2480	1989	2223	2107	2319	0	2108	2275	2180	2224	2511	1993	2153	2207	2132	2427	2175	2397	2577	2727	2621	2461	2360	2284	2326	2372	2536	1918	2193	2371	2531	2121	2439	2271	2098	2513	2295	2566	2233	2565	2271	2598	2448	2622	2395	2393	2609	2558	2305	2356	2090	2534	2342	2550	2388	2444	2361	2157	2372	2318	2341	2529	2315	2358	2608	2382	2194
PD7271c_lo0030	2303	2184	2172	2346	2157	1956	2124	2184	2292	2185	2412	2199	2267	2325	2241	2170	2290	1884	3049	2338	2681	2388	1893	2125	2003	2205	2108	0	2209	2096	2148	2441	1907	2055	2111	2026	2319	2091	2301	2499	2637	2545	2343	2254	2186	2226	2298	2468	1798	2107	2287	2439	2033	2363	2185	1998	2431	2215	2446	2157	2489	2159	2522	2328	2558	2329	2299	2525	2446	2225	2248	2006	2458	2278	2468	2306	2364	2297	2063	2290	2258	2243	2469	2299	2310	2598	2256	2108
PD7271c_lo0031	2488	2337	2327	2497	2296	2111	2275	2371	2469	2346	2615	2376	2434	2518	2392	2347	2435	2053	3218	2535	2832	2535	2070	2320	2186	2384	2275	2209	0	2275	2317	2610	2082	2228	2290	2191	2506	2246	2478	2642	2788	2706	2510	2435	2335	2393	2435	2635	1953	2268	2422	2610	2208	2516	2332	2187	2590	2346	2651	2306	2640	2340	2681	2521	2711	2490	2492	2686	2637	2386	2439	2179	2597	2445	2617	2453	2551	2454	2234	2445	2433	2420	2634	2464	2459	2723	2421	2293
PD7271c_lo0032	2395	2232	2220	2416	2191	2008	2176	2246	2370	2259	2510	2259	2333	2433	2291	2236	2350	1956	3131	2414	2753	2448	1967	2199	2047	2283	2180	2096	2275	0	2238	2499	1977	2133	2201	2092	2413	2161	2383	2585	2685	2629	2425	2338	2270	2296	2362	2542	1852	2171	2365	2485	2115	2439	2247	2096	2503	2279	2510	2199	2535	2243	2582	2388	2612	2367	2413	2617	2554	2295	2352	2068	2506	2352	2548	2338	2464	2369	2127	2356	2316	2319	2543	2373	2390	2636	2344	2198
PD7271c_lo0033	2457	2322	2294	2456	2265	2088	2252	2330	2428	2357	2556	2343	2415	2487	2351	2318	2410	2002	3219	2500	2803	2512	2043	2273	2125	2351	2224	2148	2317	2238	0	2559	2037	2201	2267	2176	2455	2223	2449	2629	2753	2683	2517	2416	2310	2386	2424	2626	1936	2243	2441	2569	2179	2481	2293	2138	2571	2347	2608	2265	2601	2303	2672	2472	2678	2447	2465	2659	2606	2379	2396	2134	2582	2418	2610	2414	2510	2427	2203	2422	2386	2383	2607	2451	2446	2714	2414	2238
PD7271c_lo0035	2710	2619	2567	2773	2560	2363	2517	2581	2709	2610	2859	2622	2680	2742	2612	2587	2679	2293	3446	2757	3084	2785	2322	2530	2440	2616	2511	2441	2610	2499	2559	0	2348	2484	2526	2439	2730	2512	2720	2896	3026	2946	2742	2661	2597	2669	2707	2871	2223	2516	2684	2856	2460	2754	2572	2445	2840	2596	2835	2536	2884	2566	2897	2743	2963	2714	2734	2942	2861	2664	2643	2413	2835	2669	2861	2691	2787	2732	2482	2687	2673	2694	2872	2718	2713	2969	2685	2523
PD7271c_lo0036	2192	2067	2067	2239	2020	1837	1995	2079	2189	2088	2325	2098	2172	2230	2126	2083	2185	1765	2976	2267	2586	2275	1796	2030	1906	2118	1993	1907	2082	1977	2037	2348	0	1948	2032	1919	2216	1970	2216	2392	2546	2432	2262	2177	2077	2129	2187	2377	1669	2006	2170	2314	1946	2266	2080	1897	2324	2098	2343	2048	2408	2062	2391	2243	2445	2214	2222	2422	2353	2104	2169	1895	2355	2155	2353	2177	2279	2192	1978	2193	2135	2150	2360	2184	2221	2469	2173	1987
PD7271c_lo0037	2360	2239	2189	2389	2166	1971	2161	2215	2333	2240	2465	2244	2296	2368	2278	2217	2313	1917	3078	2395	2680	2425	1932	2174	2052	2252	2153	2055	2228	2133	2201	2484	1948	0	2160	2073	2370	2124	2324	2536	2640	2556	2414	2311	2205	2285	2311	2497	1841	2140	2320	2466	2088	2394	2240	2053	2458	2246	2479	2184	2502	2216	2543	2373	2579	2384	2386	2538	2517	2284	2325	2039	2515	2305	2507	2349	2387	2314	2076	2315	2307	2276	2508	2306	2349	2607	2299	2155
PD7271c_lo0039	2406	2305	2275	2445	2222	2073	2211	2277	2413	2300	2549	2348	2364	2428	2354	2291	2387	1979	3150	2453	2778	2479	1994	2244	2120	2306	2207	2111	2290	2201	2267	2526	2032	2160	0	2141	2442	2208	2404	2596	2708	2644	2474	2357	2293	2343	2381	2563	1913	2210	2392	2538	2132	2468	2300	2135	2542	2276	2575	2264	2580	2282	2625	2437	2647	2430	2448	2614	2585	2304	2349	2131	2541	2399	2577	2391	2471	2384	2172	2403	2341	2348	2570	2406	2391	2673	2411	2217
PD7271c_lo0040	2315	2170	2146	2342	2097	1942	2112	2130	2292	2219	2436	2221	2285	2345	2237	2156	2278	1858	3071	2348	2683	2346	1901	2137	1985	2233	2132	2026	2191	2092	2176	2439	1919	2073	2141	0	2343	2071	2269	2471	2603	2547	2347	2238	2156	2232	2294	2466	1796	2089	2273	2437	2049	2333	2167	2016	2399	2185	2442	2111	2467	2139	2506	2306	2570	2325	2343	2523	2450	2215	2286	2010	2440	2254	2482	2284	2380	2255	2049	2254	2240	2219	2463	2311	2294	2554	2290	2066
PD7271c_lo0041	2614	2479	2469	2653	2452	2273	2427	2463	2607	2496	2757	2538	2564	2654	2554	2499	2567	2173	3324	2661	2976	2663	2210	2460	2340	2528	2427	2319	2506	2413	2455	2730	2216	2370	2442	2343	0	2422	2630	2822	2938	2854	2668	2601	2489	2561	2571	2785	2129	2408	2608	2752	2372	2676	2484	2335	2730	2514	2753	2462	2806	2490	2803	2645	2821	2634	2642	2812	2779	2518	2563	2323	2719	2583	2793	2621	2673	2604	2366	2579	2571	2548	2786	2576	2621	2853	2609	2401
PD7271c_lo0042	2382	2237	2231	2395	2188	2013	2175	2265	2359	2280	2517	2258	2320	2424	2298	2233	2329	1939	3144	2421	2748	2429	1972	2222	2062	2266	2175	2091	2246	2161	2223	2512	1970	2124	2208	2071	2422	0	2372	2570	2694	2620	2410	2329	2259	2301	2349	2533	1847	2188	2326	2486	2098	2420	2244	2087	2492	2256	2513	2216	2544	2228	2589	2417	2621	2412	2388	2596	2525	2292	2345	2069	2495	2341	2521	2347	2441	2348	2104	2345	2287	2308	2532	2370	2361	2621	2349	2183
PD7271c_lo0044	2602	2465	2447	2629	2224	2233	2389	2255	2589	2476	2725	2504	2536	2642	2544	2479	2527	2151	3340	2629	2926	2475	2186	2418	2132	2512	2397	2301	2478	2383	2449	2720	2216	2324	2404	2269	2630	2372	0	2624	2748	2788	2604	2553	2261	2491	2563	2743	2077	2236	2576	2730	2322	2440	2458	2293	2520	2332	2739	2408	2588	2284	2779	2107	2823	2618	2606	2800	2735	2502	2551	2271	2707	2395	2739	2573	2653	2366	2358	2379	2483	2298	2744	2584	2613	2835	2561	2381
PD7271c_lo0045	2780	2683	2661	2819	2458	2421	2589	2501	2773	2678	2915	2706	2742	2800	2710	2665	2755	2347	3506	2813	3124	2727	2378	2594	2338	2688	2577	2499	2642	2585	2629	2896	2392	2536	2596	2471	2822	2570	2624	0	2924	3004	2836	2753	2509	2711	2763	2951	2313	2392	2748	2922	2528	2650	2654	2507	2738	2522	2909	2584	2788	2480	2975	2659	3005	2818	2816	2994	2911	2700	2777	2481	2897	2571	2909	2767	2851	2586	2544	2601	2673	2530	2954	2782	2775	3003	2769	2571
PD7271c_lo0046	2920	2765	2745	2933	2530	2535	2677	2607	2915	2788	3003	2814	2868	2922	2830	2759	2885	2461	3628	2963	3256	2809	2518	2724	2430	2806	2727	2637	2788	2685	2753	3026	2546	2640	2708	2603	2938	2694	2748	2924	0	3116	2930	2853	2581	2811	2873	3051	2403	2542	2886	3024	2642	2774	2796	2627	2836	2634	3045	2722	2882	2582	3101	2757	3119	2922	2932	3100	3041	2844	2895	2591	3007	2661	3071	2891	2939	2694	2664	2691	2797	2684	3042	2942	2879	3177	2871	2699
PD7271c_lo0047	2844	2705	2701	2869	2632	2479	2637	2693	2837	2716	2945	2746	2792	2866	2756	2683	2803	2401	3536	2887	3166	2907	2412	2634	2524	2722	2621	2545	2706	2629	2683	2946	2432	2556	2644	2547	2854	2620	2788	3004	3116	0	2850	2779	2691	2789	2801	3005	2337	2598	2820	2962	2578	2882	2702	2565	2946	2710	2963	2654	2960	2674	3027	2857	3059	2848	2868	3056	2995	2762	2805	2561	2959	2757	2995	2831	2891	2812	2594	2787	2759	2760	2982	2828	2817	3075	2801	2631
PD7271c_lo0048	2650	2531	2527	2703	2466	2287	2447	2497	2663	2538	2775	2554	2588	2704	2566	2523	2599	2205	3372	2687	3026	2725	2262	2480	2352	2550	2461	2343	2510	2425	2517	2742	2262	2414	2474	2347	2668	2410	2604	2836	2930	2850	0	2585	2497	2595	2631	2823	2159	2440	2632	2780	2388	2662	2524	2337	2742	2544	2749	2492	2798	2506	2847	2681	2869	2660	2674	2862	2831	2566	2623	2313	2765	2609	2827	2627	2713	2590	2412	2605	2529	2562	2790	2652	2663	2907	2619	2445
PD7271c_lo0049	2585	2436	2400	2574	2365	2202	2362	2392	2554	2459	2698	2473	2513	2583	2481	2430	2534	2122	3283	2606	2923	2628	2161	2377	2243	2473	2360	2254	2435	2338	2416	2661	2177	2311	2357	2238	2601	2329	2553	2753	2853	2779	2585	0	2398	2484	2510	2712	2054	2347	2503	2715	2277	2587	2441	2262	2665	2427	2690	2363	2689	2409	2756	2570	2822	2557	2565	2739	2724	2467	2530	2228	2654	2486	2708	2538	2636	2509	2295	2498	2488	2475	2707	2527	2548	2812	2522	2328
PD7271c_lo0050	2475	2346	2324	2492	2125	2116	2286	2150	2450	2345	2590	2375	2417	2481	2405	2352	2448	2040	3191	2514	2847	2252	2051	2313	2005	2391	2284	2186	2335	2270	2310	2597	2077	2205	2293	2156	2489	2259	2261	2509	2581	2691	2497	2398	0	2394	2424	2626	1968	2105	2405	2619	2189	2221	2353	2158	2381	2187	2608	2295	2477	2145	2680	2278	2702	2465	2497	2667	2596	2411	2418	2162	2608	2246	2600	2432	2536	2165	2227	2228	2372	2207	2641	2449	2462	2720	2416	2252
PD7271c_lo0052	2523	2382	2356	2522	2335	2148	2310	2372	2506	2399	2644	2423	2473	2541	2433	2404	2494	2098	3275	2574	2883	2588	2121	2359	2229	2425	2326	2226	2393	2296	2386	2669	2129	2285	2343	2232	2561	2301	2491	2711	2811	2789	2595	2484	2394	0	2490	2662	1998	2325	2475	2637	2251	2545	2367	2218	2625	2403	2682	2385	2703	2349	2712	2540	2730	2541	2543	2721	2678	2453	2476	2198	2662	2492	2670	2490	2596	2497	2295	2480	2460	2447	2681	2531	2512	2782	2490	2324
PD7271c_lo0053	2571	2428	2414	2596	2383	2196	2358	2434	2580	2447	2698	2477	2507	2591	2431	2418	2514	2130	3305	2618	2913	2630	2155	2377	2265	2471	2372	2298	2435	2362	2424	2707	2187	2311	2381	2294	2571	2349	2563	2763	2873	2801	2631	2510	2424	2490	0	2722	2068	2377	2535	2699	2301	2593	2451	2242	2661	2459	2688	2391	2709	2427	2752	2600	2796	2563	2571	2753	2734	2463	2534	2254	2684	2520	2736	2512	2624	2525	2327	2532	2508	2491	2723	2563	2532	2802	2552	2366
PD7271c_lo0054	2749	2620	2578	2746	2571	2396	2548	2624	2732	2637	2880	2639	2689	2753	2663	2612	2700	2326	3477	2796	3127	2842	2341	2569	2461	2675	2536	2468	2635	2542	2626	2871	2377	2497	2563	2466	2785	2533	2743	2951	3051	3005	2823	2712	2626	2662	2722	0	2256	2545	2729	2889	2481	2821	2631	2444	2895	2641	2872	2595	2899	2599	2930	2792	2966	2783	2785	2935	2888	2659	2704	2450	2880	2710	2884	2728	2830	2705	2509	2728	2668	2683	2895	2743	2718	2984	2732	2548
PD7271c_lo0055	2109	1964	1942	2116	1903	1726	1892	1958	2088	1983	2210	1989	2061	2123	2021	1944	2050	1650	2873	2128	2465	2162	1681	1903	1791	1995	1918	1798	1953	1852	1936	2223	1669	1841	1913	1796	2129	1847	2077	2313	2403	2337	2159	2054	1968	1998	2068	2256	0	1897	2071	2193	1829	2147	1975	1788	2223	1991	2232	1939	2261	1949	2314	2118	2322	2107	2133	2315	2268	1999	2048	1772	2204	2058	2260	2082	2156	2077	1821	2072	2010	2033	2243	2089	2078	2358	2064	1882
PD7271c_lo0056	2396	2265	2219	2425	2030	2013	2185	2089	2359	2288	2539	2298	2344	2424	2322	2241	2363	1957	3140	2419	2754	2315	1974	2182	1920	2298	2193	2107	2268	2171	2243	2516	2006	2140	2210	2089	2408	2188	2236	2392	2542	2598	2440	2347	2105	2325	2377	2545	1897	0	2348	2530	2136	2276	2250	2091	2354	2120	2527	2200	2396	2098	2603	2255	2617	2418	2432	2596	2525	2322	2343	2063	2537	2181	2537	2379	2465	2210	2128	2215	2291	2164	2546	2402	2393	2639	2365	2163
PD7271c_lo0057	2564	2437	2385	2579	2376	2215	2371	2433	2587	2426	2703	2468	2512	2604	2488	2423	2535	2117	3302	2611	2958	2657	2166	2406	2258	2498	2371	2287	2422	2365	2441	2684	2170	2320	2392	2273	2608	2326	2576	2748	2886	2820	2632	2503	2405	2475	2535	2729	2071	2348	0	2686	2304	2618	2428	2249	2668	2470	2693	2402	2728	2418	2787	2615	2805	2564	2606	2780	2729	2488	2547	2271	2693	2497	2709	2549	2615	2530	2302	2551	2493	2488	2718	2560	2555	2823	2521	2363
PD7271c_lo0058	2716	2601	2575	2747	2534	2393	2511	2615	2717	2620	2829	2614	2660	2736	2620	2601	2677	2311	3434	2759	3068	2793	2334	2570	2402	2618	2531	2439	2610	2485	2569	2856	2314	2466	2538	2437	2752	2486	2730	2922	3024	2962	2780	2715	2619	2637	2699	2889	2193	2530	2686	0	2464	2762	2588	2439	2848	2620	2837	2556	2874	2574	2915	2751	2947	2742	2762	2916	2853	2630	2687	2423	2867	2693	2859	2709	2783	2692	2462	2697	2629	2650	2872	2702	2697	2975	2675	2505
PD7271c_lo0059	2350	2177	2181	2371	2148	1977	2093	2203	2325	2234	2455	2236	2244	2332	2240	2183	2295	1883	3046	2383	2714	2399	1918	2152	2014	2232	2121	2033	2208	2115	2179	2460	1946	2088	2132	2049	2372	2098	2322	2528	2642	2578	2388	2277	2189	2251	2301	2481	1829	2136	2304	2464	0	2378	2196	2013	2474	2220	2465	2170	2496	2200	2523	2345	2537	2334	2358	2532	2467	2256	2287	2025	2451	2291	2479	2305	2371	2316	2090	2313	2265	2278	2502	2312	2325	2599	2295	2119
PD7271c_lo0060	2660	2529	2505	2685	2294	2267	2441	2319	2615	2540	2757	2536	2578	2680	2542	2515	2615	2207	3358	2693	2988	2297	2240	2450	2194	2552	2439	2363	2516	2439	2481	2754	2266	2394	2468	2333	2676	2420	2440	2650	2774	2882	2662	2587	2221	2545	2593	2821	2147	2276	2618	2762	2378	0	2486	2365	2538	2376	2779	2436	2658	2304	2841	2443	2885	2650	2654	2848	2775	2542	2603	2313	2755	2423	2779	2633	2707	2334	2354	2405	2547	2390	2814	2620	2637	2905	2603	2415
PD7271c_lo0061	2472	2345	2313	2499	2280	2097	2253	2339	2461	2322	2591	2388	2406	2508	2384	2327	2439	2023	3204	2517	2830	2539	2066	2304	2172	2368	2271	2185	2332	2247	2293	2572	2080	2240	2300	2167	2484	2244	2458	2654	2796	2702	2524	2441	2353	2367	2451	2631	1975	2250	2428	2588	2196	2486	0	2179	2598	2368	2635	2310	2630	2320	2631	2499	2697	2482	2480	2678	2631	2378	2441	2163	2601	2411	2611	2451	2537	2448	2212	2449	2395	2426	2614	2438	2445	2731	2457	2273
PD7271c_lo0062	2315	2170	2148	2330	2109	1932	2080	2170	2284	2179	2424	2219	2243	2345	2209	2178	2286	1864	3073	2356	2677	2362	1881	2123	1991	2203	2098	1998	2187	2096	2138	2445	1897	2053	2135	2016	2335	2087	2293	2507	2627	2565	2337	2262	2158	2218	2242	2444	1788	2091	2249	2439	2013	2365	2179	0	2409	2209	2478	2149	2491	2163	2506	2330	2546	2303	2337	2509	2458	2207	2250	1990	2452	2246	2466	2278	2370	2273	2065	2272	2228	2241	2445	2295	2296	2564	2288	2096
PD7271c_lo0063	2728	2605	2581	2725	2366	2355	2493	2179	2705	2604	2833	2618	2666	2734	2636	2581	2697	2279	3450	2751	3068	2571	2314	2522	2262	2636	2513	2431	2590	2503	2571	2840	2324	2458	2542	2399	2730	2492	2520	2738	2836	2946	2742	2665	2381	2625	2661	2895	2223	2354	2668	2848	2474	2538	2598	2409	0	2442	2849	2536	2700	2418	2921	2535	2939	2708	2732	2918	2867	2654	2651	2375	2837	2487	2887	2701	2791	2490	2470	2439	2619	2448	2862	2722	2725	2971	2677	2477
PD7271c_lo0064	2520	2363	2341	2513	2130	2107	2301	2183	2481	2384	2597	2382	2434	2542	2412	2337	2455	2049	3274	2523	2868	2411	2090	2310	2012	2404	2295	2215	2346	2279	2347	2596	2098	2246	2276	2185	2514	2256	2332	2522	2634	2710	2544	2427	2187	2403	2459	2641	1991	2120	2470	2620	2220	2376	2368	2209	2442	0	2629	2274	2486	2196	2703	2343	2733	2504	2508	2716	2653	2430	2415	2157	2601	2037	2629	2457	2569	2284	2232	2301	2367	2260	2640	2478	2495	2709	2465	2267
PD7271c_lo0065	2767	2610	2584	2774	2539	2378	2534	2594	2706	2643	2856	2669	2699	2763	2677	2596	2716	2286	3439	2804	3113	2798	2333	2567	2445	2669	2566	2446	2651	2510	2608	2835	2343	2479	2575	2442	2753	2513	2739	2909	3045	2963	2749	2690	2608	2682	2688	2872	2232	2527	2693	2837	2465	2779	2635	2478	2849	2629	0	2557	2871	2589	2934	2762	2948	2759	2775	2925	2878	2667	2732	2410	2848	2674	2886	2716	2788	2725	2503	2700	2664	2659	2879	2733	2740	2988	2700	2560
PD7271c_lo0066	2426	2309	2261	2463	2234	2087	2245	2283	2405	2340	2561	2318	2386	2468	2356	2265	2405	1971	3188	2485	2810	2461	2008	2240	2098	2334	2233	2157	2306	2199	2265	2536	2048	2184	2264	2111	2462	2216	2408	2584	2722	2654	2492	2363	2295	2385	2391	2595	1939	2200	2402	2556	2170	2436	2310	2149	2536	2274	2557	0	2570	2254	2607	2447	2677	2450	2452	2638	2589	2338	2397	2103	2551	2377	2579	2429	2489	2386	2170	2375	2345	2358	2564	2434	2429	2675	2431	2215
PD7271c_lo0067	2758	2657	2601	2807	2412	2409	2559	2473	2757	2664	2901	2666	2728	2808	2686	2629	2721	2299	3458	2805	3100	2679	2370	2588	2284	2664	2565	2489	2640	2535	2601	2884	2408	2502	2580	2467	2806	2544	2588	2788	2882	2960	2798	2689	2477	2703	2709	2899	2261	2396	2728	2874	2496	2658	2630	2491	2700	2486	2871	2570	0	2418	2979	2613	2981	2776	2810	2940	2889	2684	2741	2451	2893	2551	2933	2755	2809	2574	2522	2573	2671	2536	2912	2742	2763	3001	2733	2527
PD7271c_lo0068	2480	2337	2325	2503	2086	2103	2273	2161	2443	2358	2571	2372	2414	2474	2396	2317	2433	2021	3198	2501	2844	2371	2046	2266	1972	2374	2271	2159	2340	2243	2303	2566	2062	2216	2282	2139	2490	2228	2284	2480	2582	2674	2506	2409	2145	2349	2427	2599	1949	2098	2418	2574	2200	2304	2320	2163	2418	2196	2589	2254	2418	0	2677	2319	2717	2476	2468	2678	2599	2358	2425	2127	2563	2227	2613	2437	2543	2264	2196	2257	2367	2226	2622	2442	2459	2713	2431	2243
PD7271c_lo0069	2809	2666	2652	2830	2625	2440	2598	2646	2780	2675	2948	2677	2745	2831	2693	2668	2756	2370	3531	2848	3141	2880	2387	2603	2489	2707	2598	2522	2681	2582	2672	2897	2391	2543	2625	2506	2803	2589	2779	2975	3101	3027	2847	2756	2680	2712	2752	2930	2314	2603	2787	2915	2523	2841	2631	2506	2921	2703	2934	2607	2979	2677	0	2794	3044	2795	2817	2993	2962	2723	2766	2486	2932	2740	2946	2728	2860	2787	2561	2762	2728	2711	2941	2795	2802	3032	2762	2596
PD7271c_lo0070	2611	2518	2484	2648	2285	2254	2426	2286	2638	2515	2750	2541	2577	2663	2527	2488	2592	2186	3373	2672	2961	2480	2223	2457	2161	2567	2448	2328	2521	2388	2472	2743	2243	2373	2437	2306	2645	2417	2107	2659	2757	2857	2681	2570	2278	2540	2600	2792	2118	2255	2615	2751	2345	2443	2499	2330	2535	2343	2762	2447	2613	2319	2794	0	2864	2633	2629	2809	2768	2569	2588	2332	2758	2402	2760	2602	2700	2385	2373	2400	2510	2327	2779	2661	2638	2904	2570	2422
PD7271c_lo0071	2817	2700	2694	2854	2661	2480	2614	2724	2814	2719	2962	2727	2755	2873	2733	2682	2804	2420	3541	2896	3163	2864	2417	2627	2549	2733	2622	2558	2711	2612	2678	2963	2445	2579	2647	2570	2821	2621	2823	3005	3119	3059	2869	2822	2702	2730	2796	2966	2322	2617	2805	2947	2537	2885	2697	2546	2939	2733	2948	2677	2981	2717	3044	2864	0	2849	2827	3013	2976	2733	2772	2538	2948	2792	2964	2826	2890	2807	2597	2820	2772	2779	2937	2789	2822	3090	2796	2634
PD7271c_lo0072	2618	2471	2455	2615	2446	2239	2403	2477	2593	2492	2751	2520	2566	2604	2536	2457	2599	2171	3306	2631	2922	2663	2178	2432	2310	2524	2395	2329	2490	2367	2447	2714	2214	2384	2430	2325	2634	2412	2618	2818	2922	2848	2660	2557	2465	2541	2563	2783	2107	2418	2564	2742	2334	2650	2482	2303	2708	2504	2759	2450	2776	2476	2795	2633	2849	0	2616	2812	2753	2512	2585	2307	2753	2559	2775	2597	2675	2600	2378	2607	2559	2516	2758	2578	2601	2871	2581	2407
PD7271c_lo0073	2620	2485	2465	2619	2446	2239	2421	2481	2587	2500	2727	2514	2554	2666	2544	2483	2587	2183	3310	2667	2960	2711	2196	2446	2334	2540	2393	2299	2492	2413	2465	2734	2222	2386	2448	2343	2642	2388	2606	2816	2932	2868	2674	2565	2497	2543	2571	2785	2133	2432	2606	2762	2358	2654	2480	2337	2732	2508	2775	2452	2810	2468	2817	2629	2827	2616	0	2834	2771	2540	2575	2327	2707	2573	2775	2609	2713	2608	2370	2571	2551	2530	2786	2598	2597	2873	2581	2419
PD7271c_lo0074	2778	2697	2651	2805	2618	2457	2625	2663	2737	2694	2911	2706	2754	2816	2732	2663	2759	2373	3484	2837	3160	2845	2396	2622	2514	2704	2609	2525	2686	2617	2659	2942	2422	2538	2614	2523	2812	2596	2800	2994	3100	3056	2862	2739	2667	2721	2753	2935	2315	2596	2780	2916	2532	2848	2678	2509	2918	2716	2925	2638	2940	2678	2993	2809	3013	2812	2834	0	2945	2712	2779	2487	2929	2771	2929	2777	2847	2778	2572	2759	2701	2748	2962	2760	2779	3065	2777	2591
PD7271c_lo0075	2775	2612	2616	2746	2561	2386	2562	2612	2730	2611	2862	2655	2699	2777	2693	2606	2722	2330	3495	2790	3105	2810	2347	2567	2453	2675	2558	2446	2637	2554	2606	2861	2353	2517	2585	2450	2779	2525	2735	2911	3041	2995	2831	2724	2596	2678	2734	2888	2268	2525	2729	2853	2467	2775	2631	2458	2867	2653	2878	2589	2889	2599	2962	2768	2976	2753	2771	2945	0	2683	2728	2446	2884	2704	2904	2740	2838	2727	2523	2716	2702	2637	2919	2709	2744	3012	2726	2540
PD7271c_lo0076	2540	2401	2375	2533	2350	2153	2307	2401	2501	2416	2623	2422	2458	2552	2438	2385	2471	2095	3264	2579	2914	2595	2110	2346	2220	2424	2305	2225	2386	2295	2379	2664	2104	2284	2304	2215	2518	2292	2502	2700	2844	2762	2566	2467	2411	2453	2463	2659	1999	2322	2488	2630	2256	2542	2378	2207	2654	2430	2667	2338	2684	2358	2723	2569	2733	2512	2540	2712	2683	0	2479	2219	2637	2481	2693	2499	2577	2496	2264	2499	2459	2466	2644	2538	2521	2775	2507	2315
PD7271c_lo0077	2535	2444	2402	2526	2369	2194	2346	2414	2532	2439	2684	2447	2525	2579	2481	2428	2526	2126	3285	2606	2911	2622	2147	2387	2267	2469	2356	2248	2439	2352	2396	2643	2169	2325	2349	2286	2563	2345	2551	2777	2895	2805	2623	2530	2418	2476	2534	2704	2048	2343	2547	2687	2287	2603	2441	2250	2651	2415	2732	2397	2741	2425	2766	2588	2772	2585	2575	2779	2728	2479	0	2232	2670	2508	2702	2538	2602	2525	2323	2538	2480	2479	2707	2533	2538	2796	2540	2338
PD7271c_lo0078	2291	2176	2138	2328	2073	1914	2092	2164	2282	2181	2430	2181	2229	2335	2219	2152	2252	1818	3043	2330	2657	2340	1877	2105	1983	2197	2090	2006	2179	2068	2134	2413	1895	2039	2131	2010	2323	2069	2271	2481	2591	2561	2313	2228	2162	2198	2254	2450	1772	2063	2271	2423	2025	2313	2163	1990	2375	2157	2410	2103	2451	2127	2486	2332	2538	2307	2327	2487	2446	2219	2232	0	2430	2256	2444	2270	2370	2237	2035	2248	2214	2223	2451	2281	2290	2542	2258	2068
PD7271c_lo0079	2719	2622	2594	2754	2557	2358	2502	2608	2714	2609	2836	2647	2697	2759	2653	2610	2716	2300	3481	2776	3083	2808	2325	2569	2427	2629	2534	2458	2597	2506	2582	2835	2355	2515	2541	2440	2719	2495	2707	2897	3007	2959	2765	2654	2608	2662	2684	2880	2204	2537	2693	2867	2451	2755	2601	2452	2837	2601	2848	2551	2893	2563	2932	2758	2948	2753	2707	2929	2884	2637	2670	2430	0	2686	2886	2688	2794	2703	2497	2710	2632	2649	2893	2725	2746	2978	2714	2498
PD7271c_lo0080	2577	2422	2406	2588	2203	2216	2364	2246	2560	2459	2684	2447	2503	2559	2479	2418	2512	2106	3297	2590	2905	2468	2167	2359	2083	2503	2342	2278	2445	2352	2418	2669	2155	2305	2399	2254	2583	2341	2395	2571	2661	2757	2609	2486	2246	2492	2520	2710	2058	2181	2497	2693	2291	2423	2411	2246	2487	2037	2674	2377	2551	2227	2740	2402	2792	2559	2573	2771	2704	2481	2508	2256	2686	0	2704	2512	2630	2383	2309	2364	2446	2293	2713	2545	2560	2798	2536	2332
PD7271c_lo0081	2747	2608	2606	2746	2543	2394	2542	2628	2706	2619	2868	2655	2703	2727	2649	2584	2732	2332	3459	2794	3087	2832	2329	2553	2435	2639	2550	2468	2617	2548	2610	2861	2353	2507	2577	2482	2793	2521	2739	2909	3071	2995	2827	2708	2600	2670	2736	2884	2260	2537	2709	2859	2479	2779	2611	2466	2887	2629	2886	2579	2933	2613	2946	2760	2964	2775	2775	2929	2904	2693	2702	2444	2886	2704	0	2730	2800	2709	2509	2692	2678	2651	2897	2707	2738	2974	2686	2534
PD7271c_lo0082	2569	2442	2422	2608	2387	2242	2368	2418	2546	2467	2698	2467	2531	2605	2499	2442	2526	2148	3309	2608	2905	2636	2163	2409	2253	2483	2388	2306	2453	2338	2414	2691	2177	2349	2391	2284	2621	2347	2573	2767	2891	2831	2627	2538	2432	2490	2512	2728	2082	2379	2549	2709	2305	2633	2451	2278	2701	2457	2716	2429	2755	2437	2728	2602	2826	2597	2609	2777	2740	2499	2538	2270	2688	2512	2730	0	2638	2549	2339	2576	2514	2481	2733	2565	2578	2820	2544	2378
PD7271c_lo0083	2655	2542	2524	2666	2487	2304	2456	2530	2642	2523	2788	2559	2611	2679	2549	2558	2626	2230	3401	2722	3013	2720	2245	2473	2379	2573	2444	2364	2551	2464	2510	2787	2279	2387	2471	2380	2673	2441	2653	2851	2939	2891	2713	2636	2536	2596	2624	2830	2156	2465	2615	2783	2371	2707	2537	2370	2791	2569	2788	2489	2809	2543	2860	2700	2890	2675	2713	2847	2838	2577	2602	2370	2794	2630	2800	2638	0	2639	2421	2646	2594	2599	2773	2641	2644	2896	2642	2450
PD7271c_lo0084	2568	2435	2427	2609	2210	2213	2359	2245	2557	2450	2725	2442	2522	2602	2486	2467	2547	2135	3280	2627	2930	2375	2152	2390	2122	2480	2361	2297	2454	2369	2427	2732	2192	2314	2384	2255	2604	2348	2366	2586	2694	2812	2590	2509	2165	2497	2525	2705	2077	2210	2530	2692	2316	2334	2448	2273	2490	2284	2725	2386	2574	2264	2787	2385	2807	2600	2608	2778	2727	2496	2525	2237	2703	2383	2709	2549	2639	0	2338	2361	2481	2324	2732	2578	2555	2819	2555	2359
PD7271c_lo0085	2376	2227	2185	2389	2162	1989	2143	2223	2331	2230	2473	2254	2306	2386	2268	2177	2315	1917	3114	2399	2732	2433	1956	2190	2058	2258	2157	2063	2234	2127	2203	2482	1978	2076	2172	2049	2366	2104	2358	2544	2664	2594	2412	2295	2227	2295	2327	2509	1821	2128	2302	2462	2090	2354	2212	2065	2470	2232	2503	2170	2522	2196	2561	2373	2597	2378	2370	2572	2523	2264	2323	2035	2497	2309	2509	2339	2421	2338	0	2313	2293	2280	2498	2350	2349	2613	2313	2135
PD7271c_lo0086	2569	2458	2408	2582	2217	2206	2358	2210	2566	2459	2702	2473	2515	2571	2479	2444	2556	2142	3281	2630	2921	2446	2149	2377	2129	2501	2372	2290	2445	2356	2422	2687	2193	2315	2403	2254	2579	2345	2379	2601	2691	2787	2605	2498	2228	2480	2532	2728	2072	2215	2551	2697	2313	2405	2449	2272	2439	2301	2700	2375	2573	2257	2762	2400	2820	2607	2571	2759	2716	2499	2538	2248	2710	2364	2692	2576	2646	2361	2313	0	2448	2289	2723	2567	2570	2840	2512	2348
PD7271c_lo0087	2537	2378	2382	2542	2335	2174	2312	2370	2518	2407	2658	2421	2497	2563	2429	2386	2486	2078	3275	2590	2895	2568	2111	2347	2221	2435	2318	2258	2433	2316	2386	2673	2135	2307	2341	2240	2571	2287	2483	2673	2797	2759	2529	2488	2372	2460	2508	2668	2010	2291	2493	2629	2265	2547	2395	2228	2619	2367	2664	2345	2671	2367	2728	2510	2772	2559	2551	2701	2702	2459	2480	2214	2632	2446	2678	2514	2594	2481	2293	2448	0	2417	2685	2531	2504	2778	2486	2302
PD7271c_lo0088	2538	2409	2387	2539	2208	2169	2331	2211	2529	2420	2675	2420	2470	2572	2464	2399	2491	2089	3288	2591	2888	2407	2130	2352	2050	2460	2341	2243	2420	2319	2383	2694	2150	2276	2348	2219	2548	2308	2298	2530	2684	2760	2562	2475	2207	2447	2491	2683	2033	2164	2488	2650	2278	2390	2426	2241	2448	2260	2659	2358	2536	2226	2711	2327	2779	2516	2530	2748	2637	2466	2479	2223	2649	2293	2651	2481	2599	2324	2280	2289	2417	0	2704	2536	2529	2809	2483	2309
PD7271c_lo0089	2748	2603	2591	2775	2596	2401	2529	2629	2737	2620	2889	2642	2704	2784	2652	2609	2715	2327	3470	2795	3106	2831	2350	2570	2470	2634	2529	2469	2634	2543	2607	2872	2360	2508	2570	2463	2786	2532	2744	2954	3042	2982	2790	2707	2641	2681	2723	2895	2243	2546	2718	2872	2502	2814	2614	2445	2862	2640	2879	2564	2912	2622	2941	2779	2937	2758	2786	2962	2919	2644	2707	2451	2893	2713	2897	2733	2773	2732	2498	2723	2685	2704	0	2746	2737	2979	2711	2539
PD7271c_lo0090	2606	2479	2447	2557	2392	2247	2345	2453	2565	2468	2693	2472	2522	2630	2506	2433	2541	2157	3346	2649	2948	2669	2164	2400	2294	2502	2315	2299	2464	2373	2451	2718	2184	2306	2406	2311	2576	2370	2584	2782	2942	2828	2652	2527	2449	2531	2563	2743	2089	2402	2560	2702	2312	2620	2438	2295	2722	2478	2733	2434	2742	2442	2795	2661	2789	2578	2598	2760	2709	2538	2533	2281	2725	2545	2707	2565	2641	2578	2350	2567	2531	2536	2746	0	2557	2807	2537	2373
PD7271c_lo0091	2605	2466	2430	2628	2419	2224	2374	2464	2544	2487	2716	2481	2535	2613	2499	2458	2560	2150	3319	2644	2959	2660	2181	2409	2319	2501	2358	2310	2459	2390	2446	2713	2221	2349	2391	2294	2621	2361	2613	2775	2879	2817	2663	2548	2462	2512	2532	2718	2078	2393	2555	2697	2325	2637	2445	2296	2725	2495	2740	2429	2763	2459	2802	2638	2822	2601	2597	2779	2744	2521	2538	2290	2746	2560	2738	2578	2644	2555	2349	2570	2504	2529	2737	2557	0	2834	2554	2380
