	PD6646d_lo004	PD6646d_lo005	PD6646d_lo006	PD6646d_lo008	PD6646d_lo009	PD6646d_lo010	PD6646d_lo012	PD6646d_lo014	PD6646d_lo016	PD6646d_lo022	PD6646d_lo024	PD6646d_lo026	PD6646d_lo028	PD6646d_lo030	PD6646d_lo034	PD6646d_lo036	PD6646d_lo039	PD6646d_lo040	PD6646d_lo041	PD6646d_lo042	PD6646d_lo043	PD6646d_lo044	PD6646d_lo045	PD6646d_lo046	PD6646d_lo047	PD6646d_lo048	PD6646d_lo049	PD6646m_lo0002	PD6646m_lo0003	PD6646m_lo0004	PD6646m_lo0005	PD6646m_lo0006	PD6646m_lo0007	PD6646m_lo0008	PD6646m_lo0009	PD6646m_lo0010	PD6646m_lo0011	PD6646m_lo0012	PD6646m_lo0013	PD6646m_lo0015	PD6646m_lo0016	PD6646m_lo0017	PD6646m_lo0018	PD6646m_lo0019	PD6646m_lo0020	PD6646m_lo0021	PD6646m_lo0022	PD6646m_lo0024	PD6646m_lo0025	PD6646m_lo0026	PD6646m_lo0027	PD6646m_lo0028	PD6646m_lo0029	PD6646m_lo0030	PD6646m_lo0031	PD6646m_lo0032	PD6646m_lo0033	PD6646m_lo0034	PD6646m_lo0035	PD6646m_lo0036	PD6646m_lo0037	PD6646m_lo0038	PD6646m_lo0039	PD6646m_lo0040	PD6646m_lo0041	PD6646m_lo0042	PD6646m_lo0043	PD6646m_lo0044	PD6646m_lo0045	PD6646m_lo0046	PD6646m_lo0047	PD6646m_lo0048	PD6646m_lo0049	PD6646m_lo0050	PD6646m_lo0051	PD6646m_lo0052	PD6646m_lo0053	PD6646m_lo0054	PD6646m_lo0056	PD6646m_lo0057	PD6646m_lo0058	PD6646m_lo0059	PD6646m_lo0060	PD6646m_lo0061	PD6646m_lo0062	PD6646m_lo0063	PD6646m_lo0064	PD6646m_lo0065	PD6646m_lo0066	PD6646m_lo0067	PD6646m_lo0068	PD6646m_lo0069	PD6646m_lo0070	PD6646m_lo0071	PD6646m_lo0072	PD6646m_lo0073	PD6646m_lo0074	PD6646m_lo0075	PD6646m_lo0076	PD6646m_lo0077	PD6646m_lo0078	PD6646m_lo0079	PD6646m_lo0080	PD6646m_lo0081	PD6646m_lo0082	PD6646m_lo0083	PD6646m_lo0084	PD6646m_lo0085	PD6646m_lo0086	PD6646m_lo0087	PD6646m_lo0088	PD6646m_lo0089	PD6646m_lo0090	PD6646m_lo0091	PD6646m_lo0092	PD6646m_lo0093	PD6646m_lo0094
PD6646d_lo004	0	3603	3428	3509	3115	3395	3152	3244	3720	3408	3041	3203	3179	3223	3312	3215	3276	3498	4430	4940	4442	4382	4811	4783	6418	5263	5150	3373	4498	3353	3501	3500	4564	3376	5639	3416	5739	4512	4679	3546	3577	3779	3498	3506	3539	4577	3353	3524	4543	3374	4560	3394	5671	3303	3307	3449	3464	5828	3403	5557	3261	3239	3516	3518	3392	4451	5728	3570	3462	4451	3425	3309	4694	3469	4492	3264	5637	3323	4689	5543	3494	3271	3481	5751	3323	5731	3467	5618	5520	4646	5739	3212	5820	5500	5545	3410	3315	3333	4373	3317	3346	4573	3267	3405	4488	4545	3602	4620	3611	3246	4505	3184	4619	3482	5650	4703	5455
PD6646d_lo005	3603	0	2855	3236	2794	3048	2729	2981	3411	3103	2744	2850	2874	2962	2999	2904	2987	3171	4113	4679	4111	4115	4548	4484	6201	4966	4919	3076	4215	3028	3224	3203	4303	3061	5360	3093	5470	4231	4382	3247	3238	3496	3187	3241	3256	4346	2940	3277	4266	2935	4303	3057	5390	2908	3036	3156	3155	5563	3116	5286	2980	2920	3209	3203	3101	4178	5431	3241	3097	4176	3122	2986	4399	3184	4215	2951	5334	2994	4420	5250	3189	3006	3092	5428	3028	5402	3186	5323	5177	4405	5436	2899	5527	5201	5224	3041	3134	3070	4106	3030	3067	4278	2992	3094	4205	4274	3321	4347	3300	2919	4262	2867	4330	3107	5347	4434	5156
PD6646d_lo006	3428	2855	0	3065	2591	2721	2650	2786	3262	2956	2553	2731	2683	2781	2776	2597	2808	3018	3956	4358	4054	3948	4373	4359	6010	4859	4760	2915	4044	2869	3017	3006	4098	2894	5279	2792	5345	4058	4191	3072	3081	3279	3020	3058	2861	4121	2865	3082	4111	2920	4102	2920	5283	2827	2859	2991	2988	5476	2931	5189	2783	2765	3016	2868	2886	3991	5348	3096	2984	3983	2961	2829	4240	2985	4050	2774	5237	2847	4275	5181	3036	2841	3017	5377	2855	5313	3027	5250	5110	4214	5329	2758	5434	5128	5155	2924	2963	2889	3939	2839	2876	4077	2791	2961	3988	4107	2992	4166	3161	2710	4037	2736	4143	2998	5258	4245	5071
PD6646d_lo008	3509	3236	3065	0	2448	3038	2777	2449	3169	3043	2650	2816	2776	2702	2831	2848	2895	3133	4043	4619	4019	3885	4470	4428	6153	4944	4861	2956	4165	2976	3046	3045	4199	3005	5412	2991	5466	4153	4300	3215	3112	3426	3157	3009	3192	4234	2986	3085	4190	3031	4189	3017	5388	2940	2852	3104	2995	5557	3026	5298	2720	2874	3117	3117	2997	4066	5457	3193	3057	4092	3070	2942	4327	3102	4117	2793	5348	2938	4356	5282	2665	2912	3132	5450	2934	5438	3062	5365	5233	4335	5428	2837	5551	5227	5262	3043	3062	2972	4040	2918	2931	4176	2746	3050	4123	4218	3243	4249	3258	2855	4146	2827	4242	3115	5385	4356	5184
PD6646d_lo009	3115	2794	2591	2448	0	2536	2325	2349	2869	2611	2112	2350	2280	2398	2457	2376	2477	2685	3615	4153	3687	3577	3980	4030	5697	4540	4451	2518	3687	2512	2646	2641	3759	2537	4946	2549	5004	3687	3830	2737	2698	2958	2697	2653	2724	3776	2538	2723	3724	2571	3713	2549	4968	2474	2488	2636	2621	5103	2510	4828	2398	2408	2511	2653	2485	3606	4997	2745	2615	3628	2624	2482	3841	2564	3659	2393	4894	2470	3892	4798	2585	2470	2684	5016	2324	4974	2636	4885	4777	3867	4994	2385	5083	4773	4800	2581	2608	2520	3556	2476	2511	3722	2396	2584	3643	3718	2733	3767	2828	2291	3656	2369	3800	2655	4909	3880	4700
PD6646d_lo010	3395	3048	2721	3038	2536	0	2487	2727	3221	2937	2488	2710	2660	2730	2791	2562	2761	2983	3947	4345	3989	3893	4352	4352	5999	4830	4731	2850	4001	2820	2990	2987	4063	2877	5246	2729	5312	4007	4158	3061	3064	3224	3017	3027	2844	4084	2856	3067	4048	2879	4063	2875	5254	2780	2834	2936	2953	5395	2864	5138	2744	2716	3001	2843	2839	3932	5293	3047	2945	3948	2938	2798	4189	2932	3985	2747	5210	2824	4198	5122	2983	2796	2978	5312	2796	5292	2966	5183	5079	4175	5286	2671	5401	5087	5094	2901	2938	2828	3896	2816	2855	4038	2764	2924	3963	4046	2965	4099	3118	2677	3996	2695	4088	2963	5239	4214	4996
PD6646d_lo012	3152	2729	2650	2777	2325	2487	0	2500	2958	2606	2261	2401	2377	2489	2546	2437	2502	2716	3668	4216	3654	3682	4139	4037	5786	4563	4452	2615	3766	2531	2733	2748	3828	2522	4977	2636	5073	3776	3919	2780	2801	3043	2700	2780	2799	3865	2481	2818	3799	2496	3804	2564	5011	2439	2565	2645	2708	5182	2675	4877	2501	2421	2750	2746	2632	3713	5064	2746	2642	3711	2639	2483	3938	2709	3732	2476	4945	2507	3961	4873	2724	2525	2587	5089	2575	5049	2599	4930	4822	3916	5061	2406	5166	4816	4865	2566	2659	2577	3637	2525	2586	3811	2533	2629	3740	3791	2860	3886	2827	2430	3747	2412	3871	2624	4986	3997	4767
PD6646d_lo014	3244	2981	2786	2449	2349	2727	2500	0	2780	2774	2365	2529	2515	2437	2580	2563	2634	2848	3786	4344	3758	3604	4229	4175	5872	4675	4608	2677	3868	2703	2729	2768	3916	2748	5117	2728	5181	3870	4011	2916	2851	3147	2880	2736	2937	3925	2725	2822	3917	2750	3920	2732	5093	2645	2575	2819	2730	5302	2759	5015	2457	2585	2856	2880	2730	3791	5186	2914	2794	3791	2817	2647	4026	2825	3848	2522	5067	2655	4061	4981	2378	2643	2865	5189	2655	5169	2845	5064	4936	4056	5185	2558	5270	4954	4981	2780	2785	2721	3749	2671	2652	3891	2473	2775	3826	3917	2960	3952	2981	2542	3891	2544	3979	2844	5102	4075	4895
PD6646d_lo016	3720	3411	3262	3169	2869	3221	2958	2780	0	3228	2839	3013	2993	2955	3030	3007	3106	3298	4218	4768	4204	4094	4655	4615	6268	5117	5016	3131	4334	3171	3205	3228	4382	3188	5543	3210	5599	4330	4447	3390	3279	3581	3346	3198	3375	4387	3167	3272	4395	3214	4368	3202	5563	3123	2947	3277	3174	5706	3241	5439	2967	3051	3326	3320	3184	4259	5616	3350	3256	4273	3271	3121	4500	3301	4308	3012	5501	3113	4525	5421	3140	3137	3323	5609	3123	5583	3291	5516	5376	4492	5609	3008	5658	5406	5423	3232	3253	3153	4245	3111	3116	4369	2977	3243	4288	4385	3412	4400	3425	3030	4341	3024	4425	3282	5530	4521	5319
PD6646d_lo022	3408	3103	2956	3043	2611	2937	2606	2774	3228	0	2349	2687	2673	2747	2794	2695	2786	2996	3962	4496	3970	3948	4359	4315	6008	4807	4594	2871	4050	2851	3011	3030	4102	2734	5279	2934	5343	4026	4197	3070	3081	3331	2994	3048	3091	4133	2893	3070	4085	2892	4116	2858	5287	2799	2839	2943	2962	5450	2931	5147	2771	2739	3024	3032	2878	3969	5340	3032	2920	3985	2955	2807	4200	2973	4030	2758	5241	2713	4235	5183	3016	2779	3031	5351	2815	5311	2839	5242	5096	4192	5333	2724	5432	5102	5151	2910	2919	2847	3949	2755	2890	4099	2777	2915	3996	4101	3120	4142	3041	2720	4041	2686	4151	2958	5268	4241	5045
PD6646d_lo024	3041	2744	2553	2650	2112	2488	2261	2365	2839	2349	0	2316	2206	2370	2401	2320	2401	2615	3559	4087	3633	3561	3966	3962	5663	4462	4359	2484	3631	2470	2614	2607	3663	2483	4836	2485	4938	3631	3778	2673	2694	2922	2633	2639	2684	3716	2476	2677	3650	2497	3687	2479	4882	2426	2430	2568	2577	5049	2474	4762	2360	2330	2533	2627	2437	3548	4937	2655	2565	3554	2544	2414	3811	2496	3597	2373	4794	2426	3826	4728	2617	2400	2630	4916	2346	4910	2588	4799	4703	3819	4906	2315	5021	4699	4700	2521	2560	2482	3488	2414	2493	3674	2384	2546	3599	3664	2719	3751	2748	2197	3632	2319	3734	2585	4819	3816	4630
PD6646d_lo026	3203	2850	2731	2816	2350	2710	2401	2529	3013	2687	2316	0	2176	2530	2563	2500	2517	2757	3705	4287	3761	3693	4152	4042	5783	4594	4515	2664	3801	2564	2788	2787	3863	2609	5052	2699	5124	3807	3942	2775	2860	3090	2741	2791	2878	3906	2598	2817	3844	2633	3849	2603	5076	2544	2608	2624	2747	5223	2712	4914	2554	2392	2793	2767	2667	3712	5113	2737	2639	3736	2674	2516	3995	2750	3803	2525	5012	2578	4020	4944	2781	2574	2760	5140	2606	5102	2754	4999	4881	3975	5124	2443	5213	4889	4902	2655	2686	2640	3714	2590	2669	3856	2546	2646	3777	3860	2893	3899	2900	2489	3828	2439	3912	2727	5063	4026	4830
PD6646d_lo028	3179	2874	2683	2776	2280	2660	2377	2515	2993	2673	2206	2176	0	2488	2553	2462	2529	2751	3707	4233	3759	3685	4050	4058	5787	4598	4537	2614	3779	2578	2732	2749	3819	2611	4998	2651	5066	3779	3910	2799	2836	3014	2775	2779	2826	3856	2624	2807	3818	2641	3821	2599	5016	2562	2574	2688	2741	5175	2552	4916	2518	2434	2691	2777	2511	3682	5047	2799	2675	3682	2692	2550	3925	2654	3749	2493	4940	2570	3972	4884	2743	2552	2754	5056	2506	5048	2706	4943	4839	3963	5060	2463	5171	4855	4872	2673	2670	2612	3664	2576	2633	3800	2534	2680	3749	3822	2867	3871	2902	2407	3772	2437	3848	2711	4987	3958	4782
PD6646d_lo030	3223	2962	2781	2702	2398	2730	2489	2437	2955	2747	2370	2530	2488	0	2547	2556	2639	2843	3793	4333	3773	3647	4234	4182	5853	4708	4571	2650	3853	2682	2710	2759	3915	2707	5080	2741	5170	3863	4010	2913	2804	3142	2843	2751	2926	3948	2708	2651	3894	2729	3927	2721	5116	2664	2552	2808	2695	5253	2724	5008	2496	2560	2851	2827	2701	3786	5159	2885	2771	3786	2786	2632	4049	2810	3813	2491	5034	2668	4044	4966	2651	2614	2844	5176	2652	5144	2792	5049	4945	4053	5148	2547	5251	4937	4968	2767	2778	2704	3742	2662	2645	3874	2516	2750	3795	3916	2935	3959	2976	2547	3874	2555	3934	2823	5085	4054	4876
PD6646d_lo034	3312	2999	2776	2831	2457	2791	2546	2580	3030	2794	2401	2563	2553	2547	0	2283	2648	2886	3802	4308	3670	3720	4215	4221	5828	4761	4634	2681	3800	2717	2777	2806	3944	2742	5109	2774	5171	3842	3969	2944	2869	3173	2906	2846	2937	3915	2725	2872	3851	2796	3880	2752	5149	2687	2617	2831	2774	5278	2771	5039	2563	2591	2858	2846	2740	3795	5208	2934	2826	3815	2817	2677	4012	2825	3872	2534	5071	2697	4089	5015	2790	2667	2901	5199	2677	5193	2867	5102	4966	4006	5187	2596	5282	4974	5005	2786	2831	2755	3709	2697	2688	3943	2561	2801	3794	3883	2976	3922	3029	2574	3821	2582	3997	2866	5120	4101	4921
PD6646d_lo036	3215	2904	2597	2848	2376	2562	2437	2563	3007	2695	2320	2500	2462	2556	2283	0	2615	2827	3733	4149	3785	3743	4160	4156	5713	4664	4503	2670	3713	2628	2794	2813	3865	2667	5010	2579	5110	3747	3884	2871	2856	3048	2817	2793	2726	3816	2678	2859	3768	2711	3787	2695	5042	2622	2612	2764	2767	5201	2662	4936	2564	2542	2785	2651	2677	3744	5115	2879	2759	3758	2768	2600	3913	2776	3805	2505	5006	2604	4012	4942	2767	2592	2826	5126	2612	5118	2754	5023	4891	3907	5098	2527	5211	4903	4918	2711	2758	2642	3614	2620	2677	3848	2574	2734	3703	3772	2793	3829	2920	2497	3728	2513	3914	2753	5029	4032	4816
PD6646d_lo039	3276	2987	2808	2895	2477	2761	2502	2634	3106	2786	2401	2517	2529	2639	2648	2615	0	2642	3736	4392	3828	3798	4243	4187	5906	4691	4578	2749	3900	2691	2865	2880	3966	2734	5125	2780	5203	3890	4049	2922	2951	3181	2870	2902	2945	3981	2727	2934	3961	2764	3952	2726	5133	2661	2697	2813	2828	5318	2777	5031	2639	2567	2876	2902	2750	3813	5208	2894	2806	3825	2799	2639	4072	2843	3870	2618	5079	2667	4045	5001	2888	2653	2827	5217	2673	5181	2865	5084	4974	4074	5173	2546	5296	4976	4991	2772	2799	2713	3781	2685	2734	3923	2643	2777	3870	3959	3006	4004	2963	2590	3899	2554	3979	2786	5098	4117	4905
PD6646d_lo040	3498	3171	3018	3133	2685	2983	2716	2848	3298	2996	2615	2757	2751	2843	2886	2827	2642	0	3828	4558	4030	4012	4455	4383	6088	4879	4814	2955	4112	2899	3083	3070	4176	2940	5353	3010	5389	4098	4259	3128	3151	3407	3092	3112	3179	4185	2917	3142	4165	2970	4150	2934	5339	2863	2885	3015	3044	5500	3015	5227	2849	2797	3094	3122	2960	4049	5396	3110	2998	4061	2985	2855	4274	3043	4106	2836	5269	2905	4299	5211	3076	2869	3067	5403	2897	5381	3071	5304	5188	4300	5405	2760	5470	5154	5171	2966	3017	2951	4009	2881	2960	4137	2889	2963	4076	4195	3182	4206	3197	2808	4107	2750	4201	3030	5304	4313	5111
PD6646d_lo041	4430	4113	3956	4043	3615	3947	3668	3786	4218	3962	3559	3705	3707	3793	3802	3733	3736	3828	0	5300	4900	4872	5305	5267	6826	5743	5646	3909	4978	3819	4017	4014	5082	3888	6199	3928	6331	5004	5133	4054	4099	4337	4004	4058	4083	5069	3893	4082	5061	3898	5042	3876	6277	3811	3843	3971	3992	6456	3959	6139	3781	3745	4052	4004	3920	4975	6342	4058	3936	4997	3963	3793	5166	3999	5008	3782	6219	3851	5213	6129	4026	3783	3995	6303	3857	6293	3983	6240	6084	5172	6329	3738	6412	6116	6117	3910	3957	3853	4881	3849	3912	5085	3835	3927	4978	5051	4098	5114	4091	3738	4961	3696	5109	4004	6240	5215	6063
PD6646d_lo042	4940	4679	4358	4619	4153	4345	4216	4344	4768	4496	4087	4287	4233	4333	4308	4149	4392	4558	5300	0	5482	5432	5779	5759	7394	6247	6158	4459	5584	4429	4583	4556	5218	4488	6753	4338	6837	5574	5695	4640	4645	4811	4590	4558	4531	5625	4449	4608	5623	4466	5632	4484	6757	4371	4395	4525	4530	6930	4465	6665	4349	4303	4536	4442	4424	5513	6878	4634	4518	5177	4509	4385	5762	4489	5550	4334	6731	4381	5747	6683	4556	4383	4581	6799	4373	6833	4523	6728	6392	5746	6817	4306	6920	6604	6587	4490	4525	4423	5473	4367	4454	5579	4387	4487	5542	5597	4512	5658	4733	4236	5561	4294	5561	4554	6700	5759	6571
PD6646d_lo043	4442	4111	4054	4019	3687	3989	3654	3758	4204	3970	3633	3761	3759	3773	3670	3785	3828	4030	4900	5482	0	4556	5373	5295	6928	5799	5700	3923	5026	3889	3995	4024	5174	3950	6235	4002	6341	5064	5217	4084	4083	4381	4052	4050	4183	5117	3869	4060	5095	3870	5110	3936	6291	3731	3809	4051	3970	6402	4033	6199	3763	3771	4080	4100	3978	4925	6350	4100	3990	5067	4007	3843	5220	4055	5080	3736	6247	3885	5297	6143	3982	3897	4019	6359	3913	6351	4047	6240	6090	5198	6295	3762	6430	6132	6143	3874	4011	3955	4945	3891	3924	5105	3777	3963	5022	5099	4242	5130	4213	3810	5049	3796	5217	3946	6246	5287	6059
PD6646d_lo044	4382	4115	3948	3885	3577	3893	3682	3604	4094	3948	3561	3693	3685	3647	3720	3743	3798	4012	4872	5432	4556	0	5281	5257	6894	5759	5670	3843	5018	3833	3901	3896	5038	3864	6203	3924	6295	5014	5173	4086	3951	4291	3992	3890	4099	5075	3855	3970	5047	3872	5066	3902	6249	3815	3733	3989	3884	6408	3933	6153	3611	3755	4038	4050	3920	4941	6292	4060	3920	4933	3967	3807	5174	3915	5012	3686	6199	3847	5215	6125	3846	3805	3993	6323	3837	6319	3985	6214	6074	5174	6295	3704	6412	6118	6123	3934	3925	3905	4927	3827	3836	5059	3625	3947	4988	5069	4154	5108	4115	3730	5015	3698	5113	3960	6244	5197	5997
PD6646d_lo045	4811	4548	4373	4470	3980	4352	4139	4229	4655	4359	3966	4152	4050	4234	4215	4160	4243	4455	5305	5779	5373	5281	0	5594	7235	6140	6043	4342	5455	4306	4442	4423	5479	4303	6602	4343	6698	5461	5624	4485	4520	4736	4453	4459	4512	5542	4326	4505	5502	4379	5451	4355	6648	4278	4304	4426	4407	6817	4278	6548	4220	4200	4409	4407	4227	5390	6709	4541	4377	5388	4394	4244	5603	4350	5387	4217	6596	4298	5630	6518	4441	4270	4426	6690	4220	6698	4452	6577	6479	5619	6744	4171	6745	6481	6530	4349	4356	4322	5344	4276	4293	5494	4226	4362	5431	5490	4533	5555	4580	4135	5454	4169	5534	4425	6653	5620	6438
PD6646d_lo046	4783	4484	4359	4428	4030	4352	4037	4175	4615	4315	3962	4042	4058	4182	4221	4156	4187	4383	5267	5759	5295	5257	5594	0	7195	6064	6011	4276	5367	4220	4434	4371	5479	4257	6624	4329	6668	5367	5554	4357	4516	4706	4407	4425	4528	5446	4240	4459	5420	4271	5391	4219	6630	4194	4226	4288	4337	6795	4326	6524	4196	4064	4433	4429	4321	5334	6699	4417	4177	5388	4292	4168	5529	4398	5381	4183	6626	4226	5594	6498	4401	4206	4360	6700	4246	6708	4380	6619	6491	5543	6676	4083	6807	6525	6522	4307	4348	4282	5294	4210	4297	5434	4200	4244	5339	5406	4539	5495	4492	4151	5414	4079	5524	4357	6617	5610	6426
PD6646d_lo047	6418	6201	6010	6153	5697	5999	5786	5872	6268	6008	5663	5783	5787	5853	5828	5713	5906	6088	6826	7394	6928	6894	7235	7195	0	7557	7496	5903	5214	5915	6037	6070	6156	5930	6691	5982	7247	5236	5379	6124	6061	6337	6070	6098	6171	5353	5977	6150	5249	5930	5280	5940	7233	5907	5919	5983	6020	7404	5879	7193	5881	5849	6060	6086	6010	5817	7288	6130	6022	6013	5995	5889	5276	6029	5988	5828	7163	5899	6215	7125	6036	5871	6051	7271	5903	7239	6105	7140	7052	5326	7237	5826	7324	7064	7115	6022	6057	5913	5101	5867	5922	6081	5909	6013	5168	5129	6184	5256	6169	5806	5185	5802	6157	5964	7186	6149	6991
PD6646d_lo048	5263	4966	4859	4944	4540	4830	4563	4675	5117	4807	4462	4594	4598	4708	4761	4664	4691	4879	5743	6247	5799	5759	6140	6064	7557	0	6371	4806	5875	4676	4918	4889	5997	4793	7104	4809	7178	5871	6046	4917	4964	5212	4885	4991	4996	5974	4796	4975	5924	4741	5943	4643	7146	4684	4736	4866	4857	7279	4842	6990	4694	4622	4931	4943	4799	5830	7163	4897	4801	5844	4746	4616	6049	4876	5927	4701	7094	4710	6108	7002	4877	4742	4906	7186	4706	7174	4892	7097	6917	6035	7154	4531	7281	6999	7026	4797	4828	4778	5780	4720	4763	5964	4732	4786	5863	5934	4995	5975	5000	4637	5922	4599	6004	4851	7115	6100	6948
PD6646d_lo049	5150	4919	4760	4861	4451	4731	4452	4608	5016	4594	4359	4515	4537	4571	4634	4503	4578	4814	5646	6158	5700	5670	6043	6011	7496	6371	0	4675	5738	4661	4821	4804	5890	4560	6963	4728	7019	5810	5931	4882	4891	5127	4790	4856	4867	5857	4701	4870	5847	4704	5838	4680	7005	4621	4657	4767	4786	7134	4759	6849	4601	4531	4822	4844	4712	5747	7060	4836	4754	5757	4765	4607	5946	4817	5810	4574	6989	4599	5995	6875	4826	4613	4811	7041	4645	7061	4645	6928	6810	5940	7029	4510	7144	6838	6845	4746	4731	4657	5683	4571	4676	5893	4621	4743	5768	5855	4926	5884	4857	4560	5761	4520	5875	4762	6962	6033	6767
PD6646m_lo0002	3373	3076	2915	2956	2518	2850	2615	2677	3131	2871	2484	2664	2614	2650	2681	2670	2749	2955	3909	4459	3923	3843	4342	4276	5903	4806	4675	0	3937	2784	2886	2881	4033	2819	5202	2841	5288	3925	4040	3023	2970	3244	2997	2935	3042	4006	2810	2955	3922	2859	4009	2819	5244	2748	2714	2904	2843	5391	2880	5116	2656	2680	2939	2971	2825	3890	5283	3015	2907	3886	2904	2734	4095	2916	3955	2629	5152	2772	4170	5118	2887	2752	2950	5290	2782	5254	2926	5183	5041	4115	5276	2671	5355	5063	5098	2841	2894	2798	3832	2760	2731	3990	2666	2876	3897	3982	3071	4015	3090	2661	3932	2641	4068	2941	5219	4170	5000
PD6646m_lo0003	4498	4215	4044	4165	3687	4001	3766	3868	4334	4050	3631	3801	3779	3853	3800	3713	3900	4112	4978	5584	5026	5018	5455	5367	5214	5875	5738	3937	0	3925	4065	4048	4020	3918	4647	3980	5217	3040	3131	4174	4143	4395	4088	4080	4131	3143	3973	4132	3043	3952	3126	3944	5181	3923	3935	4019	4044	5330	3873	5187	3869	3833	4080	4098	3948	3689	5208	4142	4044	3887	4047	3881	3232	4049	3898	3836	5079	3907	4113	5015	4038	3885	4109	5211	3929	5201	4095	5076	5010	3222	5203	3810	5300	4990	5035	4030	4077	3935	2885	3915	3954	3995	3893	4019	3024	3093	4190	3124	4223	3810	3015	3808	4061	3966	5138	4091	4903
PD6646m_lo0004	3353	3028	2869	2976	2512	2820	2531	2703	3171	2851	2470	2564	2578	2682	2717	2628	2691	2899	3819	4429	3889	3833	4306	4220	5915	4676	4661	2784	3925	0	2902	2935	4005	2777	5200	2811	5270	3925	4096	2931	3010	3234	2833	2953	2982	4004	2752	2981	3978	2771	3945	2719	5186	2696	2746	2836	2901	5347	2864	5080	2688	2606	2933	2929	2817	3876	5273	2935	2839	3886	2772	2638	4121	2904	3945	2667	5116	2736	4140	5052	2899	2736	2884	5268	2756	5224	2890	5155	5009	4111	5260	2557	5335	5019	5072	2809	2862	2780	3822	2734	2773	4002	2700	2808	3881	4002	3041	4037	3010	2639	3930	2577	4068	2867	5153	4172	4962
PD6646m_lo0005	3501	3224	3017	3046	2646	2990	2733	2729	3205	3011	2614	2788	2732	2710	2777	2794	2865	3083	4017	4583	3995	3901	4442	4434	6037	4918	4821	2886	4065	2902	0	2987	4143	2931	5318	2993	5420	4087	4222	3149	3084	3406	3079	3007	3152	4144	2946	3007	4122	2985	4119	2963	5326	2872	2794	3026	2945	5493	3000	5268	2718	2802	3069	3087	2961	4026	5409	3147	3021	4040	3022	2902	4253	3070	4087	2759	5286	2898	4266	5232	2983	2874	3100	5410	2914	5378	3092	5295	5177	4253	5384	2783	5493	5199	5220	2983	2990	2944	3954	2912	2897	4124	2754	3028	4057	4122	3197	4183	3224	2789	4084	2765	4176	3027	5345	4296	5112
PD6646m_lo0006	3500	3203	3006	3045	2641	2987	2748	2768	3228	3030	2607	2787	2749	2759	2806	2813	2880	3070	4014	4556	4024	3896	4423	4371	6070	4889	4804	2881	4048	2935	2987	0	4164	2960	5309	2968	5403	4048	4183	3160	3005	3375	3098	3012	3151	4123	2969	3040	4039	2956	4122	2942	5347	2893	2807	3029	2916	5498	3017	5221	2755	2803	3098	3078	2952	4023	5424	3142	3034	4037	3017	2885	4234	3017	4078	2742	5301	2897	4287	5229	2990	2853	3105	5395	2899	5377	3045	5284	5166	4252	5409	2780	5510	5182	5205	2990	3019	2927	3959	2891	2864	4151	2749	2989	4038	4111	3194	4170	3183	2796	4063	2772	4197	3068	5310	4297	5123
PD6646m_lo0007	4564	4303	4098	4199	3759	4063	3828	3916	4382	4102	3663	3863	3819	3915	3944	3865	3966	4176	5082	5218	5174	5038	5479	5479	6156	5997	5890	4033	4020	4005	4143	4164	0	4032	5223	4056	5277	4106	4193	4206	4231	4437	4176	4188	4221	4147	4037	4204	4073	4058	4098	4042	5259	3961	3951	4111	4132	5434	4093	5265	3885	3877	4150	4170	4034	3949	5312	4222	4100	2981	4103	3931	4200	4107	4010	3900	5189	3957	4195	5117	4148	3947	4161	5303	3965	5291	4145	5184	4542	4214	5293	3870	5366	5064	5121	4070	4115	4021	3915	3971	4032	3987	3945	4087	3978	4087	4284	4148	4303	3900	4019	3846	4079	4132	5218	4251	4997
PD6646m_lo0008	3376	3061	2894	3005	2537	2877	2522	2748	3188	2734	2483	2609	2611	2707	2742	2667	2734	2940	3888	4488	3950	3864	4303	4257	5930	4793	4560	2819	3918	2777	2931	2960	4032	0	5169	2880	5275	3894	4059	3018	3027	3257	2944	2996	3033	4011	2811	3018	3955	2816	3962	2802	5239	2747	2775	2857	2918	5374	2863	5095	2719	2661	2960	2972	2828	3879	5276	2984	2874	3925	2881	2749	4088	2919	3970	2702	5169	2661	4177	5083	2938	2745	2943	5275	2787	5271	2785	5160	5060	4092	5269	2656	5350	5056	5075	2848	2879	2805	3791	2689	2832	4029	2729	2863	3860	3985	3060	4016	2971	2690	3923	2636	4083	2908	5178	4191	5009
PD6646m_lo0009	5639	5360	5279	5412	4946	5246	4977	5117	5543	5279	4836	5052	4998	5080	5109	5010	5125	5353	6199	6753	6235	6203	6602	6624	6691	7104	6963	5202	4647	5200	5318	5309	5223	5169	0	5243	4514	4691	4830	5311	5410	5380	5341	5341	5400	4768	5204	5373	4732	5123	4729	5197	4150	5136	5096	5278	5293	4645	5178	4454	5086	5038	5297	5323	5181	4966	4283	5351	5253	5094	5258	5114	4735	5274	5071	5037	4388	5056	5350	3922	5285	5094	5324	4276	5130	4232	5296	4059	4311	4811	4416	5075	4281	3801	3762	5271	5288	5162	4524	5146	5201	5194	5082	5272	4603	4636	5419	4759	5438	5039	4640	5029	5260	5251	4087	5326	4140
PD6646m_lo0010	3416	3093	2792	2991	2549	2729	2636	2728	3210	2934	2485	2699	2651	2741	2774	2579	2780	3010	3928	4338	4002	3924	4343	4329	5982	4809	4728	2841	3980	2811	2993	2968	4056	2880	5243	0	5311	4000	4105	3058	3041	3211	3016	3002	2921	4073	2841	3036	4029	2880	4026	2878	5253	2763	2821	2965	2934	5406	2843	5113	2755	2719	2950	2866	2856	3909	5276	3028	2930	3935	2939	2801	4182	2939	3994	2734	5181	2795	4167	5113	2976	2769	3011	5317	2773	5275	2973	5200	5062	4148	5275	2718	5398	5054	5103	2906	2941	2849	3867	2791	2858	4037	2745	2905	3986	4035	2950	4100	3105	2672	3991	2702	4097	2946	5214	4215	5017
PD6646m_lo0011	5739	5470	5345	5466	5004	5312	5073	5181	5599	5343	4938	5124	5066	5170	5171	5110	5203	5389	6331	6837	6341	6295	6698	6668	7247	7178	7019	5288	5217	5270	5420	5403	5277	5275	4514	5311	0	5257	5376	5389	5480	5534	5429	5429	5484	5316	5284	5471	5240	5243	5263	5299	3958	5218	5188	5362	5369	3325	5310	4050	5168	5108	5345	5431	5265	5100	3973	5463	5361	5166	5340	5210	5357	5358	5115	5151	3704	5160	5446	3772	5385	5182	5380	3968	5218	3970	5356	3819	4387	5345	3976	5137	4047	3733	3776	5321	5358	5226	5056	5236	5263	5300	5168	5334	5131	5248	5509	5299	5486	5115	5162	5129	5306	5375	3917	5368	3672
PD6646m_lo0012	4512	4231	4058	4153	3687	4007	3776	3870	4330	4026	3631	3807	3779	3863	3842	3747	3890	4098	5004	5574	5064	5014	5461	5367	5236	5871	5810	3925	3040	3925	4087	4048	4106	3894	4691	4000	5257	0	3103	4188	4169	4333	4076	4082	4151	3199	3993	4160	2979	3960	3188	3942	5215	3911	3917	4033	4054	5346	3881	5213	3855	3843	4088	4094	3962	3751	5242	4170	4062	3939	4031	3897	3286	4049	3950	3848	5117	3921	4149	5061	4060	3911	4117	5213	3907	5231	4083	5140	5056	3276	5241	3828	5350	4994	5061	4060	4045	3951	2935	3897	4002	4031	3865	4023	3090	3165	4216	3196	4219	3788	3079	3782	4083	3968	5172	4181	4985
PD6646m_lo0013	4679	4382	4191	4300	3830	4158	3919	4011	4447	4197	3778	3942	3910	4010	3969	3884	4049	4259	5133	5695	5217	5173	5624	5554	5379	6046	5931	4040	3131	4096	4222	4183	4193	4059	4830	4105	5376	3103	0	4293	4290	4514	4259	4243	4258	3278	4150	4317	3078	4107	3293	4127	5342	4062	4058	4152	4171	5499	4022	5332	4012	3982	4237	4265	4105	3864	5369	4325	4199	4062	4164	4024	3417	4216	4053	3977	5234	4064	4234	5170	4199	4046	4256	5362	4048	5348	4210	5217	5175	3397	5374	3975	5473	5143	5160	4157	4192	4060	3054	4060	4099	4154	4028	4168	3173	3290	4333	3289	4388	3939	3180	3953	4222	4119	5303	4310	5076
PD6646m_lo0015	3546	3247	3072	3215	2737	3061	2780	2916	3390	3070	2673	2775	2799	2913	2944	2871	2922	3128	4054	4640	4084	4086	4485	4357	6124	4917	4882	3023	4174	2931	3149	3160	4206	3018	5311	3058	5389	4188	4293	0	3221	3445	3140	3202	3235	4249	3005	3214	4213	2998	4208	2974	5371	2885	2981	3033	3102	5530	3067	5271	2921	2809	3172	3178	3026	4083	5434	3114	3000	4077	3047	2893	4354	3111	4180	2882	5317	2955	4361	5257	3128	2937	3139	5449	2953	5411	3109	5298	5154	4362	5435	2814	5524	5206	5203	3052	3077	2997	4055	2961	3008	4221	2945	3009	4128	4243	3254	4294	3237	2860	4159	2808	4287	3094	5344	4375	5159
PD6646m_lo0016	3577	3238	3081	3112	2698	3064	2801	2851	3279	3081	2694	2860	2836	2804	2869	2856	2951	3151	4099	4645	4083	3951	4520	4516	6061	4964	4891	2970	4143	3010	3084	3005	4231	3027	5410	3041	5480	4169	4290	3221	0	3464	3171	3111	3222	4274	3020	3085	4202	3047	4199	3029	5440	2964	2898	3116	3011	5565	3080	5296	2826	2902	3163	3181	3049	4098	5469	3225	3129	4124	3106	2944	4337	3098	4147	2831	5380	2966	4342	5306	3055	2946	3168	5506	2964	5454	3112	5365	5237	4333	5468	2859	5575	5273	5290	3085	3108	3020	4028	2974	2969	4226	2824	3096	4131	4204	3293	4277	3278	2897	4138	2837	4278	3131	5375	4362	5172
PD6646m_lo0017	3779	3496	3279	3426	2958	3224	3043	3147	3581	3331	2922	3090	3014	3142	3173	3048	3181	3407	4337	4811	4381	4291	4736	4706	6337	5212	5127	3244	4395	3234	3406	3375	4437	3257	5380	3211	5534	4333	4514	3445	3464	0	3381	3425	3414	4474	3276	3435	4416	3271	4429	3251	5408	3196	3234	3326	3331	5627	3274	5340	3140	3122	3359	3315	3251	4308	5505	3435	3329	4336	3350	3196	4555	3340	4365	3113	5388	3176	4600	5296	3357	3206	3360	5508	3166	5486	3388	5359	5277	4583	5502	3117	5553	5245	5270	3313	3310	3246	4258	3232	3261	4436	3162	3298	4355	4418	3453	4493	3520	3077	4386	3093	4486	3363	5385	4594	5232
PD6646m_lo0018	3498	3187	3020	3157	2697	3017	2700	2880	3346	2994	2633	2741	2775	2843	2906	2817	2870	3092	4004	4590	4052	3992	4453	4407	6070	4885	4790	2997	4088	2833	3079	3098	4176	2944	5341	3016	5429	4076	4259	3140	3171	3381	0	3134	3189	4173	2929	3170	4129	2962	4146	2882	5369	2875	2931	3001	3058	5536	3031	5251	2855	2785	3100	3120	2998	4063	5400	3104	2984	4025	2973	2811	4270	3071	4100	2832	5299	2895	4325	5225	3098	2881	3065	5425	2941	5407	3053	5298	5160	4274	5389	2724	5520	5192	5235	2982	3031	2957	3977	2903	2994	4153	2877	2981	4058	4147	3216	4190	3205	2816	4081	2728	4243	3038	5342	4321	5105
PD6646m_lo0019	3506	3241	3058	3009	2653	3027	2780	2736	3198	3048	2639	2791	2779	2751	2846	2793	2902	3112	4058	4558	4050	3890	4459	4425	6098	4991	4856	2935	4080	2953	3007	3012	4188	2996	5341	3002	5429	4082	4243	3202	3111	3425	3134	0	3167	4179	2971	3072	4123	2986	4124	2972	5373	2933	2827	3057	3004	5524	3017	5223	2735	2857	3116	3130	2972	4059	5444	3172	3040	4077	3063	2899	4266	3089	4122	2796	5323	2887	4315	5235	2954	2911	3117	5431	2903	5405	3063	5324	5208	4252	5381	2828	5494	5198	5203	3040	3057	2967	3983	2927	2900	4157	2739	3017	4072	4163	3218	4178	3235	2810	4109	2810	4225	3080	5342	4291	5165
PD6646m_lo0020	3539	3256	2861	3192	2724	2844	2799	2937	3375	3091	2684	2878	2826	2926	2937	2726	2945	3179	4083	4531	4183	4099	4512	4528	6171	4996	4867	3042	4131	2982	3152	3151	4221	3033	5400	2921	5484	4151	4258	3235	3222	3414	3189	3167	0	4234	3004	3209	4184	3073	4189	3057	5446	2942	2998	3120	3115	5559	3048	5308	2918	2884	3167	3027	3017	4086	5473	3243	3117	4110	3100	2962	4313	3120	4161	2887	5356	2988	4380	5292	3163	2864	3166	5510	2966	5478	3092	5375	5243	4337	5448	2867	5587	5259	5286	3079	3068	3008	4040	2978	2993	4230	2948	3096	4121	4202	3153	4253	3284	2881	4174	2883	4266	3145	5403	4408	5202
PD6646m_lo0021	4577	4346	4121	4234	3776	4084	3865	3925	4387	4133	3716	3906	3856	3948	3915	3816	3981	4185	5069	5625	5117	5075	5542	5446	5353	5974	5857	4006	3143	4004	4144	4123	4147	4011	4768	4073	5316	3199	3278	4249	4274	4474	4173	4179	4234	0	4050	4247	3164	4049	3243	4035	5282	4006	3986	4126	4107	5423	3968	5272	3924	3914	4177	4193	4053	3790	5307	4231	4135	4014	4148	3998	3325	4154	4005	3927	5164	3984	4252	5116	4135	3980	4210	5302	3990	5298	4170	5197	5115	3331	5308	3879	5397	5081	5158	4101	4134	4042	2918	3990	4027	4126	3968	4102	3125	3250	4269	3263	4306	3857	3120	3871	4172	4077	5213	4226	5038
PD6646m_lo0022	3353	2940	2865	2986	2538	2856	2481	2725	3167	2893	2476	2598	2624	2708	2725	2678	2727	2917	3893	4449	3869	3855	4326	4240	5977	4796	4701	2810	3973	2752	2946	2969	4037	2811	5204	2841	5284	3993	4150	3005	3020	3276	2929	2971	3004	4050	0	3003	3988	2691	4019	2799	5226	2690	2764	2890	2917	5395	2890	5118	2710	2650	2951	2987	2863	3906	5289	2979	2871	3930	2876	2718	4165	2930	3963	2693	5192	2750	4172	5084	2957	2746	2828	5296	2790	5262	2914	5161	5033	4145	5256	2629	5373	5051	5056	2775	2882	2796	3882	2752	2811	4032	2730	2868	3935	4036	3091	4061	3070	2639	3988	2613	4086	2857	5171	4202	4980
PD6646m_lo0024	3524	3277	3082	3085	2723	3067	2818	2822	3272	3070	2677	2817	2807	2651	2872	2859	2934	3142	4082	4608	4060	3970	4505	4459	6150	4975	4870	2955	4132	2981	3007	3040	4204	3018	5373	3036	5471	4160	4317	3214	3085	3435	3170	3072	3209	4247	3003	0	4183	3038	4178	3018	5407	2947	2887	3099	3008	5548	3043	5283	2815	2883	3146	3152	3016	4069	5458	3218	3110	4081	3071	2933	4326	3105	4136	2806	5351	2955	4367	5271	3022	2937	3165	5473	2965	5451	3127	5344	5240	4326	5445	2868	5526	5254	5275	3054	3071	2985	4035	2965	2962	4189	2813	3025	4124	4181	3260	4262	3283	2842	4157	2852	4257	3112	5344	4349	5179
PD6646m_lo0025	4543	4266	4111	4190	3724	4048	3799	3917	4395	4085	3650	3844	3818	3894	3851	3768	3961	4165	5061	5623	5095	5047	5502	5420	5249	5924	5847	3922	3043	3978	4122	4039	4073	3955	4732	4029	5240	2979	3078	4213	4202	4416	4129	4123	4184	3164	3988	4183	0	3979	3181	3993	5220	3946	3970	4080	4061	5377	3906	5236	3932	3882	4127	4139	4011	3734	5243	4203	4097	3936	4098	3928	3267	4090	3931	3893	5124	3938	4138	5078	4099	3926	4188	5218	3940	5248	4140	5145	5041	3237	5246	3875	5333	5041	5088	4075	4078	3968	2944	3936	4003	4034	3928	4080	3075	3138	4231	3213	4264	3831	3058	3829	4096	3997	5183	4176	4968
PD6646m_lo0026	3374	2935	2920	3031	2571	2879	2496	2750	3214	2892	2497	2633	2641	2729	2796	2711	2764	2970	3898	4466	3870	3872	4379	4271	5930	4741	4704	2859	3952	2771	2985	2956	4058	2816	5123	2880	5243	3960	4107	2998	3047	3271	2962	2986	3073	4049	2691	3038	3979	0	3980	2814	5201	2691	2803	2899	2938	5346	2897	5085	2755	2667	2974	2992	2868	3923	5230	2976	2870	3963	2849	2747	4094	2943	3990	2736	5137	2795	4231	5055	2968	2749	2845	5221	2811	5225	2959	5136	5016	4140	5229	2654	5330	5012	5017	2828	2891	2825	3819	2793	2842	4067	2741	2893	3920	3993	3110	4066	3073	2698	3951	2638	4107	2868	5168	4211	4943
PD6646m_lo0027	4560	4303	4102	4189	3713	4063	3804	3920	4368	4116	3687	3849	3821	3927	3880	3787	3952	4150	5042	5632	5110	5066	5451	5391	5280	5943	5838	4009	3126	3945	4119	4122	4098	3962	4729	4026	5263	3188	3293	4208	4199	4429	4146	4124	4189	3243	4019	4178	3181	3980	0	4004	5223	3989	3957	4083	4092	5410	3897	5217	3905	3881	4142	4140	4026	3753	5244	4226	4100	3953	4087	3963	3274	4093	3916	3894	5131	3943	4155	5091	4096	3939	4179	5243	3961	5253	4113	5158	5052	3240	5245	3888	5356	5026	5091	4062	4097	3961	2989	3955	4004	4031	3929	4075	3070	3181	4254	3180	4277	3858	3071	3870	4133	4010	5182	4171	4975
PD6646m_lo0028	3394	3057	2920	3017	2549	2875	2564	2732	3202	2858	2479	2603	2599	2721	2752	2695	2726	2934	3876	4484	3936	3902	4355	4219	5940	4643	4680	2819	3944	2719	2963	2942	4042	2802	5197	2878	5299	3942	4127	2974	3029	3251	2882	2972	3057	4035	2799	3018	3993	2814	4004	0	5249	2727	2787	2871	2934	5388	2867	5121	2741	2639	2960	2970	2840	3917	5288	2984	2848	3929	2795	2547	4104	2935	3982	2692	5191	2783	4197	5111	2972	2759	2927	5285	2763	5293	2919	5192	5060	4128	5251	2466	5392	5062	5099	2868	2877	2799	3855	2771	2824	4045	2735	2835	3952	4005	3072	4052	3061	2706	3951	2616	4081	2890	5208	4203	5025
PD6646m_lo0029	5671	5390	5283	5388	4968	5254	5011	5093	5563	5287	4882	5076	5016	5116	5149	5042	5133	5339	6277	6757	6291	6249	6648	6630	7233	7146	7005	5244	5181	5186	5326	5347	5259	5239	4150	5253	3958	5215	5342	5371	5440	5408	5369	5373	5446	5282	5226	5407	5220	5201	5223	5249	0	5142	5122	5312	5315	4103	5288	3944	5118	5054	5319	5381	5227	5076	3699	5403	5331	5160	5300	5164	5375	5290	5095	5077	3886	5100	5394	3444	5329	5158	5354	3690	5148	3662	5330	3347	4133	5333	3804	5117	3645	3401	3422	5283	5298	5190	5044	5168	5205	5226	5134	5286	5133	5216	5445	5275	5436	5065	5178	5095	5286	5341	3491	5340	3530
PD6646m_lo0030	3303	2908	2827	2940	2474	2780	2439	2645	3123	2799	2426	2544	2562	2664	2687	2622	2661	2863	3811	4371	3731	3815	4278	4194	5907	4684	4621	2748	3923	2696	2872	2893	3961	2747	5136	2763	5218	3911	4062	2885	2964	3196	2875	2933	2942	4006	2690	2947	3946	2691	3989	2727	5142	0	2714	2820	2865	5331	2830	5020	2658	2582	2885	2911	2783	3852	5203	2893	2797	3870	2788	2648	4093	2870	3915	2639	5106	2696	4106	5006	2855	2672	2816	5220	2716	5208	2836	5091	4971	4099	5188	2545	5285	4975	4998	2695	2800	2754	3804	2696	2773	3954	2674	2764	3883	3980	3017	4039	3012	2613	3928	2553	4038	2725	5119	4112	4896
PD6646m_lo0031	3307	3036	2859	2852	2488	2834	2565	2575	2947	2839	2430	2608	2574	2552	2617	2612	2697	2885	3843	4395	3809	3733	4304	4226	5919	4736	4657	2714	3935	2746	2794	2807	3951	2775	5096	2821	5188	3917	4058	2981	2898	3234	2931	2827	2998	3986	2764	2887	3970	2803	3957	2787	5122	2714	0	2846	2751	5285	2818	5030	2562	2642	2903	2925	2767	3850	5201	2977	2861	3860	2874	2680	4091	2876	3915	2563	5070	2720	4136	5022	2787	2688	2910	5170	2730	5172	2908	5075	4949	4095	5178	2621	5283	4953	4976	2835	2796	2730	3806	2694	2735	3956	2586	2810	3889	3972	3007	4029	3026	2629	3918	2607	3992	2877	5097	4088	4910
PD6646m_lo0032	3449	3156	2991	3104	2636	2936	2645	2819	3277	2943	2568	2624	2688	2808	2831	2764	2813	3015	3971	4525	4051	3989	4426	4288	5983	4866	4767	2904	4019	2836	3026	3029	4111	2857	5278	2965	5362	4033	4152	3033	3116	3326	3001	3057	3120	4126	2890	3099	4080	2899	4083	2871	5312	2820	2846	0	2987	5457	2954	5198	2780	2654	3015	3049	2933	3996	5347	2985	2897	3976	2934	2778	4209	3044	4045	2765	5264	2832	4270	5150	3025	2838	2994	5350	2862	5320	3020	5255	5137	4223	5344	2705	5437	5141	5170	2933	2964	2866	3926	2824	2907	4140	2810	2904	3993	4102	3167	4157	3156	2763	4034	2687	4148	2965	5279	4256	5052
PD6646m_lo0033	3464	3155	2988	2995	2621	2953	2708	2730	3174	2962	2577	2747	2741	2695	2774	2767	2828	3044	3992	4530	3970	3884	4407	4337	6020	4857	4786	2843	4044	2901	2945	2916	4132	2918	5293	2934	5369	4054	4171	3102	3011	3331	3058	3004	3115	4107	2917	3008	4061	2938	4092	2934	5315	2865	2751	2987	0	5454	2963	5211	2685	2783	3052	3046	2922	3997	5360	3092	2988	4029	2979	2839	4222	3017	4054	2714	5263	2873	4247	5173	2940	2843	3049	5355	2865	5343	3025	5260	5114	4212	5349	2742	5466	5144	5171	2946	3003	2871	3913	2859	2868	4103	2731	2965	4012	4093	3154	4140	3167	2744	4065	2732	4191	2996	5274	4273	5065
PD6646m_lo0034	5828	5563	5476	5557	5103	5395	5182	5302	5706	5450	5049	5223	5175	5253	5278	5201	5318	5500	6456	6930	6402	6408	6817	6795	7404	7279	7134	5391	5330	5347	5493	5498	5434	5374	4645	5406	3325	5346	5499	5530	5565	5627	5536	5524	5559	5423	5395	5548	5377	5346	5410	5388	4103	5331	5285	5457	5454	0	5419	4163	5271	5203	5478	5506	5352	5231	4064	5580	5454	5305	5439	5275	5496	5471	5246	5234	3765	5293	5541	3863	5486	5303	5521	4037	5319	4047	5499	3934	4494	5474	4083	5234	4112	3844	3871	5416	5461	5345	5169	5327	5372	5421	5247	5437	5298	5373	5630	5404	5611	5222	5325	5242	5451	5454	4010	5487	3775
PD6646m_lo0035	3403	3116	2931	3026	2510	2864	2675	2759	3241	2931	2474	2712	2552	2724	2771	2662	2777	3015	3959	4465	4033	3933	4278	4326	5879	4842	4759	2880	3873	2864	3000	3017	4093	2863	5178	2843	5310	3881	4022	3067	3080	3274	3031	3017	3048	3968	2890	3043	3906	2897	3897	2867	5288	2830	2818	2954	2963	5419	0	5128	2772	2748	2935	2971	2691	3892	5295	3077	2963	3932	2958	2810	3993	2882	3991	2753	5170	2812	4188	5142	2977	2792	3018	5310	2738	5298	2992	5225	5085	4029	5322	2735	5407	5079	5100	2925	2936	2848	3754	2816	2871	4052	2760	2932	3819	3912	3079	3971	3120	2629	3852	2713	4108	2969	5249	4196	5036
PD6646m_lo0036	5557	5286	5189	5298	4828	5138	4877	5015	5439	5147	4762	4914	4916	5008	5039	4936	5031	5227	6139	6665	6199	6153	6548	6524	7193	6990	6849	5116	5187	5080	5268	5221	5265	5095	4454	5113	4050	5213	5332	5271	5296	5340	5251	5223	5308	5272	5118	5283	5236	5085	5217	5121	3944	5020	5030	5198	5211	4163	5128	0	5004	4940	5203	5231	5091	5082	3923	5271	5163	5132	5164	5012	5337	5192	5091	4933	3962	4994	5396	3756	5217	5046	5214	3890	5046	3918	5186	3795	4295	5317	3562	4929	4031	3697	3738	5141	5184	5030	5036	5052	5107	5260	4990	5156	5145	5214	5347	5277	5316	4919	5146	4955	5276	5183	3865	5332	3300
PD6646m_lo0037	3261	2980	2783	2720	2398	2744	2501	2457	2967	2771	2360	2554	2518	2496	2563	2564	2639	2849	3781	4349	3763	3611	4220	4196	5881	4694	4601	2656	3869	2688	2718	2755	3885	2719	5086	2755	5168	3855	4012	2921	2826	3140	2855	2735	2918	3924	2710	2815	3932	2755	3905	2741	5118	2658	2562	2780	2685	5271	2772	5004	0	2572	2857	2861	2721	3792	5143	2895	2779	3788	2760	2646	4063	2800	3847	2521	5058	2664	4064	4982	2701	2614	2872	5156	2656	5114	2830	5029	4919	4071	5144	2543	5225	4945	4964	2751	2788	2700	3772	2654	2665	3914	2368	2768	3833	3914	2991	3935	2952	2567	3846	2539	3960	2835	5067	4080	4836
PD6646m_lo0038	3239	2920	2765	2874	2408	2716	2421	2585	3051	2739	2330	2392	2434	2560	2591	2542	2567	2797	3745	4303	3771	3755	4200	4064	5849	4622	4531	2680	3833	2606	2802	2803	3877	2661	5038	2719	5108	3843	3982	2809	2902	3122	2785	2857	2884	3914	2650	2883	3882	2667	3881	2639	5054	2582	2642	2654	2783	5203	2748	4940	2572	0	2829	2835	2687	3750	5107	2693	2697	3774	2704	2578	4011	2796	3819	2567	4998	2592	4048	4924	2791	2600	2778	5140	2650	5082	2770	4995	4867	4035	5112	2485	5201	4897	4924	2685	2738	2658	3720	2614	2697	3868	2582	2680	3793	3896	2925	3925	2904	2515	3858	2443	3934	2761	5029	4050	4826
PD6646m_lo0039	3516	3209	3016	3117	2511	3001	2750	2856	3326	3024	2533	2793	2691	2851	2858	2785	2876	3094	4052	4536	4080	4038	4409	4433	6060	4931	4822	2939	4080	2933	3069	3098	4150	2960	5297	2950	5345	4088	4237	3172	3163	3359	3100	3116	3167	4177	2951	3146	4127	2974	4142	2960	5319	2885	2903	3015	3052	5478	2935	5203	2857	2829	0	3078	2894	4037	5382	3174	3064	4029	3031	2867	4288	2965	4082	2820	5247	2901	4257	5209	3104	2873	3093	5375	2703	5335	3067	5252	5140	4256	5353	2792	5460	5134	5173	3024	3021	2937	3971	2905	2964	4129	2865	2997	4050	4151	3176	4206	3235	2732	4081	2794	4199	3088	5290	4271	5063
PD6646m_lo0040	3518	3203	2868	3117	2653	2843	2746	2880	3320	3032	2627	2767	2777	2827	2846	2651	2902	3122	4004	4442	4100	4050	4407	4429	6086	4943	4844	2971	4098	2929	3087	3078	4170	2972	5323	2866	5431	4094	4265	3178	3181	3315	3120	3130	3027	4193	2987	3152	4139	2992	4140	2970	5381	2911	2925	3049	3046	5506	2971	5231	2861	2835	3078	0	2958	4041	5412	3156	3068	4035	3055	2897	4276	3059	4072	2850	5319	2925	4287	5227	3092	2897	3099	5409	2889	5387	3095	5314	5174	4274	5397	2814	5488	5180	5217	3010	3045	2955	3979	2915	2960	4175	2869	3015	4090	4137	3082	4206	3245	2796	4087	2822	4209	3076	5326	4335	5123
