	PD4781c_lo0001	PD4781c_lo0002	PD4781c_lo0004	PD4781c_lo0005	PD4781c_lo0006	PD4781c_lo0007	PD4781c_lo0008	PD4781c_lo0009	PD4781c_lo0010	PD4781c_lo0011	PD4781c_lo0013	PD4781c_lo0014	PD4781c_lo0015	PD4781c_lo0016	PD4781c_lo0017	PD4781c_lo0018	PD4781c_lo0019	PD4781c_lo0020	PD4781c_lo0021	PD4781c_lo0022	PD4781c_lo0023	PD4781c_lo0024	PD4781c_lo0025	PD4781c_lo0026	PD4781c_lo0027	PD4781c_lo0028	PD4781c_lo0029	PD4781c_lo0030	PD4781c_lo0031	PD4781c_lo0033	PD4781c_lo0034	PD4781c_lo0035	PD4781c_lo0036	PD4781c_lo0039	PD4781c_lo0040	PD4781c_lo0041	PD4781c_lo0042	PD4781c_lo0043	PD4781c_lo0044	PD4781d_lo0001	PD4781d_lo0002	PD4781d_lo0003	PD4781d_lo0005	PD4781d_lo0006	PD4781d_lo0007	PD4781d_lo0009	PD4781d_lo0010	PD4781d_lo0011	PD4781d_lo0014	PD4781d_lo0015	PD4781d_lo0017	PD4781d_lo0019	PD4781d_lo0020	PD4781d_lo0021	PD4781d_lo0022	PD4781d_lo0023	PD4781d_lo0026	PD4781d_lo0028	PD4781d_lo0029	PD4781d_lo0031	PD4781d_lo0032
PD4781c_lo0001	0	1431	1901	1358	1201	1361	1410	1385	1344	1309	1298	1431	1349	1216	1392	1264	1292	1290	1332	3255	1330	1351	1500	1301	1378	1333	1387	1398	1324	1233	1431	1277	1387	1657	1560	1694	1458	1647	1630	3995	1683	1494	3360	1438	1618	1477	1306	1394	1441	1373	3469	3659	1484	1376	1390	1607	1413	1475	1273	1501	1376
PD4781c_lo0002	1431	0	1914	1357	1276	1330	1403	1342	1443	1286	1261	1412	1282	1263	1379	1219	1319	1291	1311	3214	1293	1352	1459	1118	1365	1342	1386	1349	1283	1204	1366	1266	1304	1598	1443	1741	1539	1470	1619	3966	1678	1499	3335	1427	1587	1418	1361	1415	1378	1394	3476	3640	1457	1441	1389	1568	1382	1466	1312	1498	1451
PD4781c_lo0004	1901	1914	0	1899	1778	1782	1917	1790	1953	1850	1785	1986	1770	1757	1847	1727	1819	1779	1871	3800	1791	1910	2015	1812	1911	1860	1932	1871	1713	1680	1950	1832	1862	2104	2089	2229	2043	2166	2151	3172	2198	2025	2525	1987	2069	2014	1865	1957	1928	1928	2666	2826	1909	1917	1923	2070	1888	1972	1780	2062	2001
PD4781c_lo0005	1358	1357	1899	0	1217	1311	1336	1373	1372	1267	1198	1355	1285	1174	1374	1212	1266	1218	1250	3195	1302	1257	1452	1249	1326	1329	1279	1352	1304	1189	1393	1189	1359	1601	1546	1678	1480	1593	1530	3931	1587	1394	3306	1338	1608	1419	1302	1324	1411	1255	3419	3569	1464	1366	1262	1563	1371	1399	1291	1401	1478
PD4781c_lo0006	1201	1276	1778	1217	0	1234	1299	1278	1227	1170	1159	1296	1224	1089	1281	1153	1157	1181	1185	3114	1211	1196	1359	1180	1235	1182	1238	1289	1215	1114	1304	1134	1276	1516	1417	1553	1331	1524	1491	3874	1532	1335	3239	1297	1515	1338	1197	1273	1328	1238	3338	3512	1373	1235	1257	1514	1296	1342	1136	1352	1329
PD4781c_lo0007	1361	1330	1782	1311	1234	0	1321	1250	1401	1246	1195	1362	1144	1233	1243	1105	1275	1181	1275	3182	1187	1282	1433	1196	1329	1338	1312	1295	1177	1046	1328	1230	1266	1548	1559	1675	1507	1580	1567	3918	1626	1441	3289	1379	1497	1402	1321	1357	1310	1310	3414	3584	1327	1397	1331	1470	1320	1398	1282	1432	1457
PD4781c_lo0008	1410	1403	1917	1336	1299	1321	0	1369	1434	1317	1232	1305	1285	1256	1374	1204	1336	1238	1298	3241	1302	1319	1506	1187	1396	1399	1271	1380	1286	1215	1401	1245	1329	1625	1620	1752	1564	1641	1542	4027	1637	1382	3334	1414	1598	1483	1362	1380	1365	1355	3483	3671	1456	1438	1368	1573	1371	1435	1355	1391	1518
PD4781c_lo0009	1385	1342	1790	1373	1278	1250	1369	0	1431	1288	1209	1396	1206	1269	1291	1167	1321	1245	1309	3224	1233	1352	1441	1200	1361	1368	1360	1327	1173	1120	1324	1268	1294	1576	1573	1721	1547	1568	1605	3986	1654	1469	3349	1419	1499	1430	1351	1407	1370	1372	3456	3644	1349	1433	1379	1490	1318	1460	1318	1472	1453
PD4781c_lo0010	1344	1443	1953	1372	1227	1401	1434	1431	0	1339	1304	1429	1365	1240	1426	1300	1304	1326	1346	3253	1366	1361	1498	1343	1396	1335	1359	1448	1382	1279	1459	1307	1443	1687	1596	1716	1444	1689	1594	3995	1687	1472	3366	1438	1652	1487	1342	1424	1491	1407	3481	3657	1514	1416	1424	1639	1449	1485	1287	1453	1456
PD4781c_lo0011	1309	1286	1850	1267	1170	1246	1317	1288	1339	0	1171	1324	1210	1177	1281	1141	1217	1199	1217	3108	1221	1248	1377	1190	1269	1294	1276	1281	1213	1120	1304	1176	1266	1518	1513	1637	1441	1542	1527	3850	1572	1395	3251	1333	1507	1344	1265	1295	1324	1286	3354	3536	1355	1335	1275	1500	1338	1364	1228	1408	1425
PD4781c_lo0013	1298	1261	1785	1198	1159	1195	1232	1209	1304	1171	0	1267	1151	1040	1250	1094	1202	1014	1152	3113	1178	1161	1380	1127	1250	1253	1225	1264	1136	1081	1289	1111	1239	1501	1504	1622	1406	1507	1376	3843	1491	1314	3232	1150	1458	1331	1234	1232	1293	1223	3337	3511	1308	1314	1212	1455	1213	1201	1195	1329	1374
PD4781c_lo0014	1431	1412	1986	1355	1296	1362	1305	1396	1429	1324	1267	0	1330	1237	1425	1277	1355	1295	1315	3256	1349	1332	1537	1308	1383	1388	1206	1399	1341	1264	1450	1260	1426	1672	1631	1765	1565	1680	1513	4016	1666	1295	3349	1407	1639	1484	1385	1379	1468	1372	3504	3682	1507	1445	1391	1640	1416	1466	1372	1318	1551
PD4781c_lo0015	1349	1282	1770	1285	1224	1144	1285	1206	1365	1210	1151	1330	0	1181	1237	1093	1241	1157	1249	3150	1151	1280	1411	1156	1301	1304	1300	1255	1137	1022	1302	1192	1240	1516	1541	1665	1487	1550	1535	3890	1586	1403	3285	1341	1435	1364	1283	1315	1290	1308	3382	3576	1303	1337	1303	1446	1290	1374	1242	1394	1425
PD4781c_lo0016	1216	1263	1757	1174	1089	1233	1256	1269	1240	1177	1040	1237	1181	0	1292	1130	1138	1064	1148	3139	1220	1159	1356	1139	1242	1167	1215	1270	1212	1121	1281	1095	1269	1519	1414	1570	1358	1487	1398	3879	1483	1312	3238	1176	1496	1321	1176	1222	1323	1211	3345	3519	1368	1226	1208	1489	1243	1221	1141	1321	1346
PD4781c_lo0017	1392	1379	1847	1374	1281	1243	1374	1291	1426	1281	1250	1425	1237	1292	0	1160	1326	1190	1320	3213	1236	1349	1444	1225	1364	1391	1387	1320	1218	1101	1369	1273	1299	1563	1618	1736	1570	1623	1626	3965	1663	1488	3334	1426	1404	1425	1358	1396	1359	1379	3465	3623	1384	1446	1368	1481	1373	1445	1323	1499	1508
PD4781c_lo0018	1264	1219	1727	1212	1153	1105	1204	1167	1300	1141	1094	1277	1093	1130	1160	0	1144	1084	1150	3091	1098	1189	1342	1083	1222	1243	1237	1188	1088	1001	1237	1141	1147	1435	1470	1614	1406	1473	1484	3839	1527	1344	3208	1280	1386	1301	1208	1256	1209	1207	3337	3505	1230	1288	1238	1369	1241	1305	1173	1349	1370
PD4781c_lo0019	1292	1319	1819	1266	1157	1275	1336	1321	1304	1217	1202	1355	1241	1138	1326	1144	0	1210	1252	3157	1266	1259	1418	1213	1294	1241	1303	1316	1258	1157	1351	1199	1287	1567	1496	1600	1408	1567	1550	3911	1597	1412	3286	1342	1556	1383	1218	1324	1361	1287	3401	3569	1412	1284	1310	1545	1357	1385	1197	1419	1418
PD4781c_lo0020	1290	1291	1779	1218	1181	1181	1238	1245	1326	1199	1014	1295	1157	1064	1190	1084	1210	0	1194	3153	1176	1201	1386	1139	1270	1279	1245	1258	1174	1077	1301	1145	1241	1509	1524	1630	1458	1533	1416	3887	1537	1352	3252	1196	1440	1365	1258	1264	1303	1257	3367	3539	1318	1334	1242	1445	1247	1223	1211	1363	1414
PD4781c_lo0021	1332	1311	1871	1250	1185	1275	1298	1309	1346	1217	1152	1315	1249	1148	1320	1150	1252	1194	0	3143	1268	1183	1410	1197	1274	1301	1247	1316	1260	1167	1357	1111	1315	1573	1524	1652	1460	1569	1464	3891	1529	1340	3268	1284	1538	1381	1280	1220	1373	1265	3397	3549	1386	1328	1274	1519	1261	1337	1249	1355	1452
PD4781c_lo0022	3255	3214	3800	3195	3114	3182	3241	3224	3253	3108	3113	3256	3150	3139	3213	3091	3157	3153	3143	0	3183	3164	3279	3134	3173	3210	3210	3221	3121	3044	3238	3096	3220	3444	3435	3555	3359	3456	3417	3666	3500	3307	3993	3263	3443	3258	3213	3231	3260	3216	3662	3588	3311	3265	3217	3442	3260	3300	3158	3326	3371
PD4781c_lo0023	1330	1293	1791	1302	1211	1187	1302	1233	1366	1221	1178	1349	1151	1220	1236	1098	1266	1176	1268	3183	0	1281	1422	1173	1320	1321	1319	1258	1148	1061	1321	1225	1257	1519	1556	1656	1474	1583	1562	3909	1615	1430	3288	1366	1438	1393	1308	1340	1307	1311	3401	3581	1320	1370	1304	1451	1313	1397	1261	1429	1436
PD4781c_lo0024	1351	1352	1910	1257	1196	1282	1319	1352	1361	1248	1161	1332	1280	1159	1349	1189	1259	1201	1183	3164	1281	0	1423	1230	1327	1300	1262	1339	1285	1190	1362	1126	1336	1596	1563	1683	1473	1602	1211	3932	1554	1375	3293	1335	1573	1382	1305	1267	1398	1274	3420	3586	1431	1373	1287	1568	1300	1366	1274	1376	1471
PD4781c_lo0025	1500	1459	2015	1452	1359	1433	1506	1441	1498	1377	1380	1537	1411	1356	1444	1342	1418	1386	1410	3279	1422	1423	0	1357	1442	1445	1455	1478	1404	1325	1219	1365	1447	1719	1658	1836	1604	1689	1630	4035	1745	1558	3354	1532	1686	1497	1444	1496	1533	1465	3497	3687	1574	1516	1452	1687	1315	1567	1431	1587	1272
PD4781c_lo0026	1301	1118	1812	1249	1180	1196	1187	1200	1343	1190	1127	1308	1156	1139	1225	1083	1213	1139	1197	3134	1173	1230	1357	0	1265	1252	1254	1237	1175	1084	1248	1148	1142	1496	1379	1651	1445	1372	1497	3878	1544	1373	3245	1305	1461	1342	1275	1275	1188	1254	3392	3550	1327	1323	1261	1438	1240	1354	1216	1378	1347
PD4781c_lo0027	1378	1365	1911	1326	1235	1329	1396	1361	1396	1269	1250	1383	1301	1242	1364	1222	1294	1270	1274	3173	1320	1327	1442	1265	0	1353	1337	1354	1308	1213	1387	1241	1363	1615	1546	1704	1510	1605	1582	3919	1639	1438	3310	1382	1606	1397	1328	1358	1425	1351	3423	3591	1454	1394	1346	1597	1417	1441	1301	1461	1480
PD4781c_lo0028	1333	1342	1860	1329	1182	1338	1399	1368	1335	1294	1253	1388	1304	1167	1391	1243	1241	1279	1301	3210	1321	1300	1445	1252	1353	0	1350	1379	1317	1212	1402	1244	1360	1636	1469	1663	1429	1598	1577	3970	1628	1461	3333	1405	1601	1420	1283	1377	1436	1350	3446	3610	1461	1341	1355	1596	1392	1452	1242	1466	1437
PD4781c_lo0029	1387	1386	1932	1279	1238	1312	1271	1360	1359	1276	1225	1206	1300	1215	1387	1237	1303	1245	1247	3210	1319	1262	1455	1254	1337	1350	0	1371	1301	1214	1396	1182	1370	1642	1589	1733	1527	1624	1471	3972	1608	1255	3299	1369	1599	1434	1333	1327	1422	1318	3464	3638	1461	1413	1321	1598	1356	1412	1312	1268	1479
PD4781c_lo0030	1398	1349	1871	1352	1289	1295	1380	1327	1448	1281	1264	1399	1255	1270	1320	1188	1316	1258	1316	3221	1258	1339	1478	1237	1354	1379	1371	0	1272	1167	1379	1265	1305	1499	1618	1750	1564	1613	1602	3981	1663	1488	3330	1414	1568	1457	1370	1406	1363	1373	3461	3621	1398	1448	1360	1455	1379	1423	1321	1477	1522
PD4781c_lo0031	1324	1283	1713	1304	1215	1177	1286	1173	1382	1213	1136	1341	1137	1212	1218	1088	1258	1174	1260	3121	1148	1285	1404	1175	1308	1317	1301	1272	0	1047	1309	1217	1229	1511	1542	1676	1474	1549	1566	3867	1591	1424	3262	1362	1452	1387	1288	1332	1285	1307	3359	3551	1276	1366	1304	1439	1309	1393	1259	1421	1434
PD4781c_lo0033	1233	1204	1680	1189	1114	1046	1215	1120	1279	1120	1081	1264	1022	1121	1101	1001	1157	1077	1167	3044	1061	1190	1325	1084	1213	1212	1214	1167	1047	0	1210	1112	1142	1428	1459	1573	1377	1464	1475	3788	1518	1319	3183	1275	1355	1286	1195	1235	1204	1212	3278	3468	1189	1263	1221	1350	1212	1294	1160	1332	1337
PD4781c_lo0034	1431	1366	1950	1393	1304	1328	1401	1324	1459	1304	1289	1450	1302	1281	1369	1237	1351	1301	1357	3238	1321	1362	1219	1248	1387	1402	1396	1379	1309	1210	0	1308	1326	1616	1627	1751	1573	1610	1555	3974	1696	1509	3313	1441	1581	1442	1387	1427	1394	1400	3470	3658	1453	1461	1399	1598	1256	1494	1350	1494	1255
PD4781c_lo0035	1277	1266	1832	1189	1134	1230	1245	1268	1307	1176	1111	1260	1192	1095	1273	1141	1199	1145	1111	3096	1225	1126	1365	1148	1241	1244	1182	1265	1217	1112	1308	0	1256	1532	1473	1601	1399	1494	1407	3854	1502	1291	3225	1245	1501	1316	1239	1201	1314	1210	3350	3506	1361	1303	1221	1494	1226	1302	1208	1292	1389
PD4781c_lo0036	1387	1304	1862	1359	1276	1266	1329	1294	1443	1266	1239	1426	1240	1269	1299	1147	1287	1241	1315	3220	1257	1336	1447	1142	1363	1360	1370	1305	1229	1142	1326	1256	0	1558	1587	1715	1549	1566	1591	3924	1668	1473	3291	1415	1527	1436	1351	1395	1294	1358	3436	3602	1399	1431	1371	1506	1368	1444	1316	1492	1479
PD4781c_lo0039	1657	1598	2104	1601	1516	1548	1625	1576	1687	1518	1501	1672	1516	1519	1563	1435	1567	1509	1573	3444	1519	1596	1719	1496	1615	1636	1642	1499	1511	1428	1616	1532	1558	0	1857	1973	1801	1840	1861	4162	1902	1723	3549	1657	1815	1678	1597	1637	1626	1614	3692	3838	1681	1691	1639	1708	1634	1676	1550	1738	1757
PD4781c_lo0040	1560	1443	2089	1546	1417	1559	1620	1573	1596	1513	1504	1631	1541	1414	1618	1470	1496	1524	1524	3435	1556	1563	1658	1379	1546	1469	1589	1618	1542	1459	1627	1473	1587	1857	0	1894	1674	1663	1812	4159	1883	1676	3520	1632	1836	1657	1510	1614	1641	1585	3653	3831	1694	1572	1596	1829	1591	1667	1449	1679	1586
PD4781c_lo0041	1694	1741	2229	1678	1553	1675	1752	1721	1716	1637	1622	1765	1665	1570	1736	1614	1600	1630	1652	3555	1656	1683	1836	1651	1704	1663	1733	1750	1676	1573	1751	1601	1715	1973	1894	0	1834	1979	1952	4271	1983	1802	3654	1748	1944	1781	1648	1730	1767	1721	3771	3953	1806	1704	1722	1955	1743	1815	1619	1817	1806
PD4781c_lo0042	1458	1539	2043	1480	1331	1507	1564	1547	1444	1441	1406	1565	1487	1358	1570	1406	1408	1458	1460	3359	1474	1473	1604	1445	1510	1429	1527	1564	1474	1377	1573	1399	1549	1801	1674	1834	0	1753	1756	4123	1785	1594	3476	1556	1758	1579	1444	1544	1567	1511	3597	3757	1620	1514	1526	1781	1567	1619	1403	1609	1554
PD4781c_lo0043	1647	1470	2166	1593	1524	1580	1641	1568	1689	1542	1507	1680	1550	1487	1623	1473	1567	1533	1569	3456	1583	1602	1689	1372	1605	1598	1624	1613	1549	1464	1610	1494	1566	1840	1663	1979	1753	0	1829	4194	1892	1713	3551	1655	1807	1670	1605	1633	1642	1622	3696	3848	1701	1661	1621	1834	1620	1698	1576	1720	1687
PD4781c_lo0044	1630	1619	2151	1530	1491	1567	1542	1605	1594	1527	1376	1513	1535	1398	1626	1484	1550	1416	1464	3417	1562	1211	1630	1497	1582	1577	1471	1602	1566	1475	1555	1407	1591	1861	1812	1952	1756	1829	0	4183	1827	1544	3514	1510	1852	1675	1556	1546	1647	1551	3661	3847	1708	1654	1550	1825	1517	1565	1545	1575	1668
PD4781d_lo0001	3995	3966	3172	3931	3874	3918	4027	3986	3995	3850	3843	4016	3890	3879	3965	3839	3911	3887	3891	3666	3909	3932	4035	3878	3919	3970	3972	3981	3867	3788	3974	3854	3924	4162	4159	4271	4123	4194	4183	0	4196	4047	2553	4007	4161	3992	3957	3975	4004	3956	1646	2110	4043	3999	3953	4184	3970	3998	3864	4072	4095
PD4781d_lo0002	1683	1678	2198	1587	1532	1626	1637	1654	1687	1572	1491	1666	1586	1483	1663	1527	1597	1537	1529	3500	1615	1554	1745	1544	1639	1628	1608	1663	1591	1518	1696	1502	1668	1902	1883	1983	1785	1892	1827	4196	0	1699	3599	1627	1867	1720	1633	1617	1706	1598	3678	3878	1755	1705	1627	1868	1660	1678	1604	1712	1785
PD4781d_lo0003	1494	1499	2025	1394	1335	1441	1382	1469	1472	1395	1314	1295	1403	1312	1488	1344	1412	1352	1340	3307	1430	1375	1558	1373	1438	1461	1255	1488	1424	1319	1509	1291	1473	1723	1676	1802	1594	1713	1544	4047	1699	0	3368	1466	1706	1537	1440	1434	1535	1407	3507	3717	1566	1500	1424	1701	1471	1525	1405	1295	1602
PD4781d_lo0005	3360	3335	2525	3306	3239	3289	3334	3349	3366	3251	3232	3349	3285	3238	3334	3208	3286	3252	3268	3993	3288	3293	3354	3245	3310	3333	3299	3330	3262	3183	3313	3225	3291	3549	3520	3654	3476	3551	3514	2553	3599	3368	0	3370	3562	3375	3320	3356	3393	3345	2353	1679	3428	3374	3334	3575	3291	3369	3195	3403	3422
PD4781d_lo0006	1438	1427	1987	1338	1297	1379	1414	1419	1438	1333	1150	1407	1341	1176	1426	1280	1342	1196	1284	3263	1366	1335	1532	1305	1382	1405	1369	1414	1362	1275	1441	1245	1415	1657	1632	1748	1556	1655	1510	4007	1627	1466	3370	0	1658	1481	1372	1366	1473	1379	3523	3673	1510	1450	1360	1637	1393	1253	1353	1475	1546
PD4781d_lo0007	1618	1587	2069	1608	1515	1497	1598	1499	1652	1507	1458	1639	1435	1496	1404	1386	1556	1440	1538	3443	1438	1573	1686	1461	1606	1601	1599	1568	1452	1355	1581	1501	1527	1815	1836	1944	1758	1807	1852	4161	1867	1706	3562	1658	0	1667	1590	1638	1587	1593	3657	3859	1606	1650	1602	1717	1603	1687	1555	1705	1716
PD4781d_lo0009	1477	1418	2014	1419	1338	1402	1483	1430	1487	1344	1331	1484	1364	1321	1425	1301	1383	1365	1381	3258	1393	1382	1497	1342	1397	1420	1434	1457	1387	1286	1442	1316	1436	1678	1657	1781	1579	1670	1675	3992	1720	1537	3375	1481	1667	0	1409	1449	1484	1434	3492	3668	1531	1465	1413	1656	1490	1520	1372	1556	1591
PD4781d_lo0010	1306	1361	1865	1302	1197	1321	1362	1351	1342	1265	1234	1385	1283	1176	1358	1208	1218	1258	1280	3213	1308	1305	1444	1275	1328	1283	1333	1370	1288	1195	1387	1239	1351	1597	1510	1648	1444	1605	1556	3957	1633	1440	3320	1372	1590	1409	0	1354	1391	1329	3417	3603	1434	1334	1324	1569	1387	1433	1241	1445	1424
PD4781d_lo0011	1394	1415	1957	1324	1273	1357	1380	1407	1424	1295	1232	1379	1315	1222	1396	1256	1324	1264	1220	3231	1340	1267	1496	1275	1358	1377	1327	1406	1332	1235	1427	1201	1395	1637	1614	1730	1544	1633	1546	3975	1617	1434	3356	1366	1638	1449	1354	0	1455	1335	3479	3657	1478	1436	1334	1615	1359	1425	1323	1433	1526
PD4781d_lo0014	1441	1378	1928	1411	1328	1310	1365	1370	1491	1324	1293	1468	1290	1323	1359	1209	1361	1303	1373	3260	1307	1398	1533	1188	1425	1436	1422	1363	1285	1204	1394	1314	1294	1626	1641	1767	1567	1642	1647	4004	1706	1535	3393	1473	1587	1484	1391	1455	0	1406	3514	3682	1453	1465	1437	1576	1416	1516	1376	1538	1559
PD4781d_lo0015	1373	1394	1928	1255	1238	1310	1355	1372	1407	1286	1223	1372	1308	1211	1379	1207	1287	1257	1265	3216	1311	1274	1465	1254	1351	1350	1318	1373	1307	1212	1400	1210	1358	1614	1585	1721	1511	1622	1551	3956	1598	1407	3345	1379	1593	1434	1329	1335	1406	0	3460	3626	1461	1407	1265	1564	1374	1408	1300	1430	1495
PD4781d_lo0017	3469	3476	2666	3419	3338	3414	3483	3456	3481	3354	3337	3504	3382	3345	3465	3337	3401	3367	3397	3662	3401	3420	3497	3392	3423	3446	3464	3461	3359	3278	3470	3350	3436	3692	3653	3771	3597	3696	3661	1646	3678	3507	2353	3523	3657	3492	3417	3479	3514	3460	0	2094	3537	3483	3455	3714	3412	3504	3338	3564	3567
PD4781d_lo0019	3659	3640	2826	3569	3512	3584	3671	3644	3657	3536	3511	3682	3576	3519	3623	3505	3569	3539	3549	3588	3581	3586	3687	3550	3591	3610	3638	3621	3551	3468	3658	3506	3602	3838	3831	3953	3757	3848	3847	2110	3878	3717	1679	3673	3859	3668	3603	3657	3682	3626	2094	0	3727	3671	3607	3874	3618	3648	3498	3734	3773
PD4781d_lo0020	1484	1457	1909	1464	1373	1327	1456	1349	1514	1355	1308	1507	1303	1368	1384	1230	1412	1318	1386	3311	1320	1431	1574	1327	1454	1461	1461	1398	1276	1189	1453	1361	1399	1681	1694	1806	1620	1701	1708	4043	1755	1566	3428	1510	1606	1531	1434	1478	1453	1461	3537	3727	0	1516	1460	1589	1459	1525	1405	1569	1580
PD4781d_lo0021	1376	1441	1917	1366	1235	1397	1438	1433	1416	1335	1314	1445	1337	1226	1446	1288	1284	1334	1328	3265	1370	1373	1516	1323	1394	1341	1413	1448	1366	1263	1461	1303	1431	1691	1572	1704	1514	1661	1654	3999	1705	1500	3374	1450	1650	1465	1334	1436	1465	1407	3483	3671	1516	0	1404	1649	1449	1501	1297	1511	1500
PD4781d_lo0022	1390	1389	1923	1262	1257	1331	1368	1379	1424	1275	1212	1391	1303	1208	1368	1238	1310	1242	1274	3217	1304	1287	1452	1261	1346	1355	1321	1360	1304	1221	1399	1221	1371	1639	1596	1722	1526	1621	1550	3953	1627	1424	3334	1360	1602	1413	1324	1334	1437	1265	3455	3607	1460	1404	0	1591	1373	1415	1325	1441	1492
PD4781d_lo0023	1607	1568	2070	1563	1514	1470	1573	1490	1639	1500	1455	1640	1446	1489	1481	1369	1545	1445	1519	3442	1451	1568	1687	1438	1597	1596	1598	1455	1439	1350	1598	1494	1506	1708	1829	1955	1781	1834	1825	4184	1868	1701	3575	1637	1717	1656	1569	1615	1576	1564	3714	3874	1589	1649	1591	0	1578	1648	1524	1706	1715
PD4781d_lo0026	1413	1382	1888	1371	1296	1320	1371	1318	1449	1338	1213	1416	1290	1243	1373	1241	1357	1247	1261	3260	1313	1300	1315	1240	1417	1392	1356	1379	1309	1212	1256	1226	1368	1634	1591	1743	1567	1620	1517	3970	1660	1471	3291	1393	1603	1490	1387	1359	1416	1374	3412	3618	1459	1449	1373	1578	0	1430	1312	1466	1293
PD4781d_lo0028	1475	1466	1972	1399	1342	1398	1435	1460	1485	1364	1201	1466	1374	1221	1445	1305	1385	1223	1337	3300	1397	1366	1567	1354	1441	1452	1412	1423	1393	1294	1494	1302	1444	1676	1667	1815	1619	1698	1565	3998	1678	1525	3369	1253	1687	1520	1433	1425	1516	1408	3504	3648	1525	1501	1415	1648	1430	0	1384	1500	1571
PD4781d_lo0029	1273	1312	1780	1291	1136	1282	1355	1318	1287	1228	1195	1372	1242	1141	1323	1173	1197	1211	1249	3158	1261	1274	1431	1216	1301	1242	1312	1321	1259	1160	1350	1208	1316	1550	1449	1619	1403	1576	1545	3864	1604	1405	3195	1353	1555	1372	1241	1323	1376	1300	3338	3498	1405	1297	1325	1524	1312	1384	0	1420	1381
PD4781d_lo0031	1501	1498	2062	1401	1352	1432	1391	1472	1453	1408	1329	1318	1394	1321	1499	1349	1419	1363	1355	3326	1429	1376	1587	1378	1461	1466	1268	1477	1421	1332	1494	1292	1492	1738	1679	1817	1609	1720	1575	4072	1712	1295	3403	1475	1705	1556	1445	1433	1538	1430	3564	3734	1569	1511	1441	1706	1466	1500	1420	0	1595
PD4781d_lo0032	1376	1451	2001	1478	1329	1457	1518	1453	1456	1425	1374	1551	1425	1346	1508	1370	1418	1414	1452	3371	1436	1471	1272	1347	1480	1437	1479	1522	1434	1337	1255	1389	1479	1757	1586	1806	1554	1687	1668	4095	1785	1602	3422	1546	1716	1591	1424	1526	1559	1495	3567	3773	1580	1500	1492	1715	1293	1571	1381	1595	0
