	PD5117aa	PD5117ab	PD5117ac	PD5117ad	PD5117ae	PD5117af	PD5117ag	PD5117ah	PD5117ai	PD5117aj	PD5117ak	PD5117al	PD5117am	PD5117an	PD5117ao	PD5117ap	PD5117aq	PD5117as	PD5117at	PD5117au	PD5117av	PD5117aw	PD5117ax	PD5117az	PD5117ba	PD5117bb	PD5117bc	PD5117bd	PD5117be	PD5117bf	PD5117bg	PD5117bh	PD5117bi	PD5117bj	PD5117bk	PD5117bl	PD5117bm	PD5117bn	PD5117bo	PD5117bp	PD5117br	PD5117bs	PD5117bt	PD5117bu	PD5117bv	PD5117bw	PD5117bx	PD5117by	PD5117bz	PD5117ca	PD5117cb	PD5117cc	PD5117cd	PD5117ce	PD5117cg	PD5117ch	PD5117ci	PD5117cj	PD5117ck	PD5117cl	PD5117cm	PD5117cn	PD5117co	PD5117cp	PD5117cq	PD5117cr	PD5117cs	PD5117ct	PD5117cu	PD5117cv	PD5117cw	PD5117cx	PD5117cy	PD5117cz	PD5117da	PD5117db	PD5117dc	PD5117dd	PD5117de	PD5117n	PD5117s	PD5117t	PD5117u	PD5117v	PD5117w	PD5117x	PD5117y	PD5117z
PD5117aa	0	5734	5718	5599	5256	4816	5303	5110	5044	4737	5338	4916	5584	5566	5735	5230	5386	5352	4988	5163	4691	4394	5602	5069	4921	5281	5194	5316	5211	5235	4824	4997	5055	4758	5020	5794	5046	4318	5306	4888	5387	5238	4708	5035	4955	5523	4699	5294	5178	4762	4856	5045	5198	5219	5511	5117	4448	5027	4893	5206	4510	5590	5192	5391	5330	4877	5738	5068	4973	4814	5001	4193	4336	4990	5245	5584	5149	5202	5137	5306	5311	5045	4350	5704	5136	5189	5106	4927
PD5117ab	5734	0	5852	6361	5424	5536	5463	5288	5800	5827	5546	5664	5744	5704	5853	5402	5530	6116	6114	6081	5065	5502	5710	5279	5749	5433	5920	6054	5975	5411	5492	5741	5801	5888	5196	5950	5924	5186	5496	5768	5553	6004	5472	5211	6063	5689	5857	6006	5458	5860	5582	5185	6048	5391	5705	5937	5340	5173	5103	5930	5600	5756	5336	6147	6132	5589	5892	5948	5193	5918	6125	5291	5472	5170	5449	5746	5297	6288	6013	5480	5473	5841	5440	5858	5894	5917	5766	5739
PD5117ac	5718	5852	0	6293	5414	5498	5401	5258	5752	5773	5476	5596	5740	5650	5373	5340	3934	6042	6064	6025	5013	5458	5682	5193	5721	5387	5910	6014	5867	5363	5438	5691	5769	5838	5158	5868	5870	5110	5416	5704	5517	5936	5440	4049	5971	5671	5803	5926	5398	5798	5534	5149	5996	5351	5675	5851	5268	5111	5059	5878	5544	5690	5330	6139	6070	5577	5800	5912	5161	5858	6069	5255	5412	5138	5401	5716	5233	6246	5985	5458	5435	5781	5434	5802	5792	5857	5702	5653
PD5117ad	5599	6361	6293	0	5883	5227	5864	5735	5345	5674	5953	5303	6179	6151	6320	5797	6003	5885	5945	5888	5266	5375	6177	5694	5588	5842	5783	5125	5596	5808	5437	4850	5602	5713	5571	6369	5727	5053	5907	5603	5964	5815	5271	5626	5908	6112	5680	5713	5795	5715	5335	5650	5923	5812	6128	5704	5193	5638	5516	5621	5437	6213	5743	5920	5993	4726	6317	5801	5634	5727	5930	5126	5313	5593	5858	6185	5736	6125	5878	5911	5916	5560	5309	6237	5657	4998	5707	5426
PD5117ae	5256	5424	5414	5883	0	5062	4939	4822	5304	5345	5050	5180	5288	5240	5405	4910	5072	5638	5622	5589	4565	5044	5318	4817	5235	4977	5464	5578	5461	4911	5022	5257	5363	5396	4686	5430	5434	4680	4970	5246	5069	5536	4998	4747	5559	5219	5339	5550	4990	5350	5110	4735	5586	4911	5215	5411	4838	4673	4603	5474	5130	5268	4864	5685	5634	5113	5448	5466	4731	5430	5635	4791	4988	4660	4959	5252	4847	5806	5557	4992	5021	5335	4954	5390	5360	5423	5276	5193
PD5117af	4816	5536	5498	5227	5062	0	5079	4946	4652	4891	5150	4464	5386	5346	5525	5042	5180	5092	5178	5075	4487	4562	5392	4927	4807	5053	5000	4914	4669	5033	4606	4569	4801	4938	4806	5570	4990	4260	5070	4800	5153	5028	4488	4837	5113	5331	4893	4804	5008	4888	4548	4831	5140	5023	5297	4909	4386	4805	4713	4726	4652	5390	4984	5129	5194	4477	5522	5042	4813	4940	5165	4357	4520	4766	5041	5380	4961	5370	5109	5108	5133	4743	4516	5488	4862	4787	4884	4671
PD5117ag	5303	5463	5401	5864	4939	5079	0	4809	5335	5344	5043	5197	5331	5269	5442	4919	5081	5663	5637	5598	4590	5009	5273	4790	5280	4974	5469	5581	5474	4936	5047	5266	5350	5401	4731	5459	5477	4741	3983	5267	4060	5549	4983	4724	5596	5230	5318	5589	4989	5395	5103	4722	5611	4920	5226	5414	4825	4700	4640	5463	5121	5279	4859	5708	5675	5178	5441	5491	4746	5429	5626	4802	4971	4697	4974	5291	4838	5795	5546	5055	5024	5366	5003	5409	5399	5462	5303	5254
PD5117ah	5110	5288	5258	5735	4822	4946	4809	0	5138	5163	4894	5046	5134	5084	5273	4726	4928	5506	5464	5429	4409	4862	5110	4613	5105	4815	5324	5456	5319	4767	4838	5095	5173	5240	4546	5286	5300	4564	4872	5106	4927	5380	4814	4583	5425	5063	5209	5404	4842	5228	4948	4583	5406	4755	5071	5275	4690	4537	4473	5302	4954	5136	4730	5567	5514	5019	5262	5296	4547	5256	5469	4647	4822	4510	4779	5142	4651	5664	5381	4892	4841	5189	4834	5226	5222	5305	5128	5089
PD5117ai	5044	5800	5752	5345	5304	4652	5335	5138	0	5105	5408	4784	5616	5592	5773	5280	5442	5294	5396	5329	4687	4806	5640	5163	5061	5325	5228	5062	5065	5275	4838	4747	5045	5186	5028	5806	5216	4494	5348	5066	5409	5264	4684	5053	5355	5581	5143	5128	5268	5154	4804	5075	5384	5263	5533	5123	4612	5055	4973	5054	4888	5624	5216	5391	5446	4599	5778	5240	5081	5152	5379	4597	4774	5014	5295	5640	5175	5578	5329	5374	5375	5017	4738	5708	5106	4903	5088	4887
PD5117aj	4737	5827	5773	5674	5345	4891	5344	5163	5105	0	5413	4989	5665	5617	5780	5287	5459	5479	4809	5254	4768	4027	5645	5178	5000	5330	5257	5399	5262	5272	4881	5034	5120	4445	5073	5799	5115	4381	5323	4925	5420	5295	4773	5102	4694	5604	4578	5345	5203	4593	4923	5064	5255	5296	5574	5178	4475	5050	4992	5269	4161	5641	5231	5528	5429	4932	5799	5113	5058	4545	4642	4156	3893	5037	5292	5665	5208	4841	5156	5341	5392	5138	4161	5759	5187	5244	5161	4978
PD5117ak	5338	5546	5476	5953	5050	5150	5043	4894	5408	5413	0	5258	5388	5340	5485	4980	5166	5738	5690	5633	4669	5122	5336	4839	5333	5041	5582	5658	5541	4989	5082	5351	5401	5508	4800	5536	5490	4812	5068	5334	5151	5570	5052	4803	5649	5299	5409	5594	5072	5450	5172	4779	5658	4985	5289	5473	4910	4821	4657	5558	5180	5362	4918	5795	5734	5193	5472	5552	4807	5486	5679	4877	5042	4754	5029	5378	4917	5894	5651	5040	5073	5391	5026	5454	5476	5531	5356	5301
PD5117al	4916	5664	5596	5303	5180	4464	5197	5046	4784	4989	5258	0	5498	5484	5645	5126	5314	5188	5278	5203	4603	4668	5492	5001	4945	5183	5120	5032	4845	5145	4732	4717	4921	5030	4932	5656	5088	4362	5218	4912	5275	5132	4562	4947	5219	5459	4977	3924	5116	5038	4638	4959	5250	5143	5443	5027	4482	4945	4817	3890	4744	5490	5034	5271	5304	4551	5624	5120	4921	5084	5279	4449	4606	4872	5187	5510	5089	5496	5211	5232	5217	4885	4624	5602	5006	4861	4984	4767
PD5117am	5584	5744	5740	6179	5288	5386	5331	5134	5616	5665	5388	5498	0	5584	5739	5244	5380	5950	5900	5871	4877	5318	5592	5103	5549	5247	5784	5884	5769	5253	5312	5571	5645	5724	5048	5786	5728	5032	5328	5588	5403	5830	5322	5047	5865	5555	5653	5816	5282	5654	5408	5049	5938	5241	5569	5711	5122	5037	4959	5778	5422	5610	5198	6027	5978	5485	5748	5762	5033	5726	5935	5093	5266	5004	5279	5590	5165	6122	5855	5356	5341	5659	5294	5686	5674	5757	5604	5529
PD5117an	5566	5704	5650	6151	5240	5346	5269	5084	5592	5617	5340	5484	5584	0	5715	5196	5354	5918	5896	5839	4855	5300	5552	5087	5523	5259	5766	5858	5709	5221	5272	5515	5621	5656	4962	5724	5716	4982	5282	5526	5363	5800	5256	5019	5851	5509	5605	5848	5262	5648	5386	5009	5858	5215	5519	5689	5114	4991	4901	5738	5390	5570	5140	5997	5940	5401	5704	5742	5017	5686	5905	5075	5252	4960	5233	5574	5107	6086	5817	5300	5273	5629	5248	5632	5664	5719	5564	5497
PD5117ao	5735	5853	5373	6320	5405	5525	5442	5273	5773	5780	5485	5645	5739	5715	0	5367	5065	6083	6075	6034	4998	5473	5701	5230	5718	5404	5947	6049	5956	5356	5469	5722	5778	5855	5173	5929	5911	5179	5443	5729	5514	5951	5441	4718	6008	5652	5802	6003	5429	5825	5553	5172	6003	5388	5664	5876	5291	5170	5078	5893	5543	5713	5343	6166	6089	5576	5873	5911	5178	5851	6040	5256	5407	5135	5416	5747	5252	6271	6018	5447	5452	5756	5431	5819	5845	5880	5753	5676
PD5117ap	5230	5402	5340	5797	4910	5042	4919	4726	5280	5287	4980	5126	5244	5196	5367	0	5016	5574	5550	5499	4509	4954	5206	4747	5215	4899	5446	5542	5385	4869	4960	5199	5267	5334	4630	5408	5390	4664	4932	5190	4993	5470	4926	4687	5473	5163	5329	5498	4922	5352	5044	4647	5566	4861	5183	5417	4784	4637	4577	5420	5048	5190	4830	5635	5626	5093	5334	5386	4663	5358	5577	4717	4904	4608	4889	5228	4763	5752	5497	4962	4925	5277	4890	5284	5340	5359	5226	5171
PD5117aq	5386	5530	3934	6003	5072	5180	5081	4928	5442	5459	5166	5314	5380	5354	5065	5016	0	5776	5720	5667	4661	5134	5374	4899	5377	5081	5586	5692	5567	5025	5120	5379	5453	5506	4800	5574	5554	4828	5084	5372	5161	5618	5110	3725	5661	5361	5489	5698	5072	5470	5212	4847	5702	5019	5341	5537	4922	4787	4727	5604	5228	5388	4992	5841	5768	5279	5526	5580	4859	5506	5745	4935	5104	4774	5041	5404	4915	5922	5665	5152	5099	5451	5064	5496	5482	5551	5384	5307
PD5117as	5352	6116	6042	5885	5638	5092	5663	5506	5294	5479	5738	5188	5950	5918	6083	5574	5776	0	5722	5663	5033	5130	5928	5463	5355	5615	5538	5558	5495	5589	5196	5263	5355	5520	5388	6148	5518	4812	5624	5378	5751	5598	5028	5405	5679	5899	5451	5554	5580	5498	5000	5417	5660	5597	5893	5479	4952	5383	5267	5454	5232	5950	5542	5131	5788	5099	6114	5578	5379	5518	5717	4951	5088	5326	5651	5960	5527	5924	5657	5694	5689	5081	5102	6054	5452	5451	5450	5009
PD5117at	4988	6114	6064	5945	5622	5178	5637	5464	5396	4809	5690	5278	5900	5896	6075	5550	5720	5722	0	5489	5073	4524	5966	5457	5269	5623	5568	5672	5563	5583	5170	5355	5409	4864	5364	6124	5358	4680	5592	5224	5739	5616	5092	5399	5057	5897	4873	5604	5486	4886	5202	5383	5566	5551	5849	5489	4776	5367	5279	5588	4590	5940	5528	5807	5680	5247	6072	5414	5339	4888	5083	4461	4434	5336	5629	5936	5487	5278	5491	5670	5679	5415	4218	6020	5464	5545	5458	5321
PD5117au	5163	6081	6025	5888	5589	5075	5598	5429	5329	5254	5633	5203	5871	5839	6034	5499	5667	5663	5489	0	4988	4907	5879	5380	5232	5572	5511	5577	5484	5508	5109	5268	5346	5267	5303	6065	5217	4535	5593	4971	5658	5545	5005	5316	5466	5812	5246	5557	5487	5255	5157	5352	5033	5480	5812	5454	4573	5306	5192	5495	5005	5879	5445	5740	5635	5144	6037	5205	5288	5337	5506	4704	4869	5271	5576	5893	5450	5703	5294	5623	5616	5350	4857	5947	5423	5460	5397	5278
PD5117av	4691	5065	5013	5266	4565	4487	4590	4409	4687	4768	4669	4603	4877	4855	4998	4509	4661	5033	5073	4988	0	4437	4881	4398	4684	4576	4171	5003	4876	4508	4431	4650	4600	4825	4295	5087	4877	4119	4599	4691	4680	4871	4343	4318	4986	4842	4758	4965	4551	4783	4501	4306	5003	4500	4826	4804	4233	4290	4210	4877	4523	4873	4471	5152	5081	4540	5017	4887	4334	4823	5052	4206	4389	4277	4534	4887	4434	5211	4970	4619	4620	4758	4391	4969	4711	4818	4723	4628
PD5117aw	4394	5502	5458	5375	5044	4562	5009	4862	4806	4027	5122	4668	5318	5300	5473	4954	5134	5130	4524	4907	4437	0	5330	4845	4679	4989	4984	5052	4945	4955	4546	4721	4811	4120	4740	5502	4758	4062	5018	4604	5105	5022	4454	4807	4387	5265	4255	5018	4908	4294	4590	4751	4924	4953	5259	4871	4184	4737	4643	4962	3816	5314	4900	5205	5088	4601	5502	4816	4727	4246	4209	3839	3652	4698	4983	5310	4855	4300	4873	5060	5069	4809	3822	5404	4864	4919	4842	4703
PD5117ax	5602	5710	5682	6177	5318	5392	5273	5110	5640	5645	5336	5492	5592	5552	5701	5206	5374	5928	5966	5879	4881	5330	0	5103	5573	5277	5804	5864	5765	5209	5288	5569	5607	5680	5024	5794	5744	5028	5278	5586	5373	5808	5312	5029	5873	5511	5677	5838	5270	5688	5430	5017	5918	5217	5519	5717	5134	5033	4927	5780	5432	5574	5194	5999	5984	5449	5712	5770	5033	5684	5935	5129	5262	4980	5263	5592	5127	6084	5841	5324	5339	5627	5282	5676	5702	5727	5576	5539
PD5117az	5069	5279	5193	5694	4817	4927	4790	4613	5163	5178	4839	5001	5103	5087	5230	4747	4899	5463	5457	5380	4398	4845	5103	0	5094	4784	5307	5433	5334	4760	4841	5068	5164	5219	4539	5313	5307	4543	4833	5133	4882	5363	4825	4546	5382	5048	5198	5377	4785	5207	4923	4552	5411	4740	5046	5254	4673	4536	4452	5277	4939	5113	4679	5534	5503	4990	5257	5321	4554	5243	5468	4624	4793	4519	4786	5125	4620	5635	5398	4855	4836	5158	4807	5197	5213	5282	5095	5058
PD5117ba	4921	5749	5721	5588	5235	4807	5280	5105	5061	5000	5333	4945	5549	5523	5718	5215	5377	5355	5269	5232	4684	4679	5573	5094	0	5246	5205	5291	5206	5190	4803	4962	5076	5069	4991	5771	5107	4359	5251	4923	5374	5263	4713	5008	5240	5520	5030	5289	5177	5051	4833	5000	5265	5162	5524	5126	4503	5020	4886	5187	4775	5561	5137	5432	5301	4878	5733	5117	4990	5097	5284	4466	4631	4963	5228	5591	5110	5487	5198	5311	5298	5066	4623	5653	5105	5188	5095	4946
PD5117bb	5281	5433	5387	5842	4977	5053	4974	4815	5325	5330	5041	5183	5247	5259	5404	4899	5081	5615	5623	5572	4576	4989	5277	4784	5246	0	5487	5561	5438	4932	5005	5232	5340	5391	4693	5483	5417	4683	5007	5275	5060	5531	4993	4728	5546	5216	5320	5541	4955	5363	5099	4712	5577	4916	5210	5424	4831	4724	4618	5475	5095	5267	4869	5686	5669	5142	5441	5451	4730	5415	5612	4780	4957	4643	4942	5297	4806	5773	5522	5039	5012	5324	4945	4761	5405	5442	5307	5228
PD5117bc	5194	5920	5910	5783	5464	5000	5469	5324	5228	5257	5582	5120	5784	5766	5947	5446	5586	5538	5568	5511	4171	4984	5804	5307	5205	5487	0	5484	5375	5411	5028	5183	4893	5358	5218	5968	5406	4656	5474	5222	5569	5330	4804	5253	5521	5745	5287	5468	5408	5328	5042	5255	5542	5423	5737	5239	4788	5197	5135	5400	5070	5772	5380	5627	5612	5047	5942	5406	5213	5342	5597	4749	4922	5200	5455	5772	5365	5734	5485	5528	5541	5249	4914	5886	5192	5363	5298	5139
PD5117bd	5316	6054	6014	5125	5578	4914	5581	5456	5062	5399	5658	5032	5884	5858	6049	5542	5692	5558	5672	5577	5003	5052	5864	5433	5291	5561	5484	0	5301	5509	5100	4551	5319	5428	5302	6088	5476	4760	5584	5302	5707	5524	4944	5349	5589	5843	5411	5386	5500	5416	5050	5345	5626	5501	5859	5427	4858	5371	5197	5312	5144	5880	5478	5647	5716	4435	6054	5496	5299	5446	5637	4845	5022	5298	5549	5896	5461	5850	5571	5640	5627	5263	5020	5970	5410	4527	5412	5157
PD5117be	5211	5975	5867	5596	5461	4669	5474	5319	5065	5262	5541	4845	5769	5709	5956	5385	5567	5495	5563	5484	4876	4945	5765	5334	5206	5438	5375	5301	0	5422	5011	4946	5220	5329	5179	5915	5383	4647	5485	5211	5576	5427	4885	5208	5510	5734	5290	5191	5383	5311	4943	5230	5509	5410	5712	5296	4759	5238	5138	5107	5063	5771	5357	5548	5589	4850	5915	5419	5184	5343	5572	4752	4885	5161	5426	5789	5342	5717	5502	5505	5516	5176	4905	5847	5277	5172	5315	5042
PD5117bf	5235	5411	5363	5808	4911	5033	4936	4767	5275	5272	4989	5145	5253	5221	5356	4869	5025	5589	5583	5508	4508	4955	5209	4760	5190	4932	5411	5509	5422	0	4927	5198	5278	5351	4687	5439	5369	4671	4953	5197	5030	5485	4929	4676	5504	5202	5276	5493	4945	5323	5063	4686	5537	4862	5188	5366	4749	4676	4544	5435	5061	5241	4835	5632	5633	5086	5381	5421	4656	5357	5568	4756	4897	4643	4916	5239	4764	5767	5462	4973	4974	5276	4937	5313	5339	5400	5215	5162
PD5117bg	4824	5492	5438	5437	5022	4606	5047	4838	4838	4881	5082	4732	5312	5272	5469	4960	5120	5196	5170	5109	4431	4546	5288	4841	4803	5005	5028	5100	5011	4927	0	4801	4875	4944	4720	5498	4978	4250	4990	4778	5121	5078	4520	4755	5107	5233	4899	5092	4954	4920	4642	4735	5148	4951	5237	4943	4340	4749	4669	4992	4666	5312	4912	5231	5198	4667	5468	5012	4751	4944	5177	4325	4468	4702	4989	5326	4869	5356	5099	5044	5057	4867	4502	5406	4920	4993	4792	4737
PD5117bh	4997	5741	5691	4850	5257	4569	5266	5095	4747	5034	5351	4717	5571	5515	5722	5199	5379	5263	5355	5268	4650	4721	5569	5068	4962	5232	5183	4551	4946	5198	4801	0	5022	5121	4975	5721	5169	4419	5263	4977	5360	5197	4653	5036	5248	5550	5070	5071	5197	5115	4691	5008	5297	5200	5512	5092	4571	4996	4890	4995	4815	5573	5143	5326	5399	4044	5701	5179	4984	5137	5328	4542	4691	4961	5224	5589	5118	5557	5248	5309	5302	4942	4693	5655	5053	4416	5049	4858
PD5117bi	5055	5801	5769	5602	5363	4801	5350	5173	5045	5120	5401	4921	5645	5621	5778	5267	5453	5355	5409	5346	4600	4811	5607	5164	5076	5340	4893	5319	5220	5278	4875	5022	0	5191	5021	5831	5259	4515	5327	5077	5420	5163	4627	5088	5358	5618	5136	5299	5273	5181	4865	5118	5411	5286	5616	5094	4609	5086	4976	5233	4901	5629	5211	5440	5443	4904	5801	5251	5070	5195	5410	4586	4785	5047	5322	5643	5234	5605	5340	5393	5380	5110	4793	5739	5063	5170	5157	4972
PD5117bj	4758	5888	5838	5713	5396	4938	5401	5240	5186	4445	5508	5030	5724	5656	5855	5334	5506	5520	4864	5267	4825	4120	5680	5219	5069	5391	5358	5428	5329	5351	4944	5121	5191	0	5132	5894	5166	4454	5410	4974	5483	5372	4864	5173	4739	5679	4639	5434	5282	4684	4950	5169	5312	5333	5657	5273	4582	5121	5027	5308	3890	5742	5294	5565	5472	4983	5854	5186	5101	4604	4755	4219	4084	5092	5397	5722	5257	4930	5287	5438	5455	5181	4198	5802	5246	5297	5204	5087
PD5117bk	5020	5196	5158	5571	4686	4806	4731	4546	5028	5073	4800	4932	5048	4962	5173	4630	4800	5388	5364	5303	4295	4740	5024	4539	4991	4693	5218	5302	5179	4687	4720	4975	5021	5132	0	5216	5172	4434	4710	5004	4807	5260	4704	4473	5311	4965	5103	5256	4720	5118	4828	4449	5322	4657	4977	5139	4562	4451	4371	5226	4830	5032	4620	5457	5392	4861	5172	5194	4477	5162	5357	4529	4694	4378	4679	5054	4585	5518	5267	4760	4735	5047	4704	5094	5124	5141	5026	4951
PD5117bl	5794	5950	5868	6369	5430	5570	5459	5286	5806	5799	5536	5656	5786	5724	5929	5408	5574	6148	6124	6065	5087	5502	5794	5313	5771	5483	5968	6088	5915	5439	5498	5721	5831	5894	5216	0	5918	5212	5466	5764	5555	6030	5464	5249	6081	5701	5883	6042	5448	5876	5578	5225	6076	5409	5739	5891	5320	5229	5117	5946	5606	5804	5384	6191	6122	5629	5900	5980	5243	5924	6117	5287	5470	5182	5463	5776	5319	6318	6037	5564	5519	5807	5464	5852	5914	5911	5786	5693
PD5117bm	5046	5924	5870	5727	5434	4990	5477	5300	5216	5115	5490	5088	5728	5716	5911	5390	5554	5518	5358	5217	4877	4758	5744	5307	5107	5417	5406	5476	5383	5369	4978	5169	5259	5166	5172	5918	0	4448	5476	4728	5561	5450	4898	5207	5327	5711	5135	5438	5350	5124	4998	5207	5226	5371	5691	5305	4288	5183	5101	5380	4888	5756	5322	5601	5534	5057	5874	4612	5133	5182	5379	4589	4740	5132	5423	5754	5331	5578	4789	5488	5499	5261	4762	5806	5274	5357	5246	5103
PD5117bn	4318	5186	5110	5053	4680	4260	4741	4564	4494	4381	4812	4362	5032	4982	5179	4664	4828	4812	4680	4535	4119	4062	5028	4543	4359	4683	4656	4760	4647	4671	4250	4419	4515	4454	4434	5212	4448	0	4704	4236	4811	4704	4142	4481	4599	4969	4409	4734	4642	4438	4288	4473	4576	4651	4967	4557	3808	4435	4361	4648	4114	5040	4600	4887	4810	4293	5168	4440	4433	4464	4683	3833	4016	4390	4687	5054	4567	4864	4567	4784	4763	4525	4014	5110	4540	4617	4530	4381
PD5117bo	5306	5496	5416	5907	4970	5070	3983	4872	5348	5323	5068	5218	5328	5282	5443	4932	5084	5624	5592	5593	4599	5018	5278	4833	5251	5007	5474	5584	5485	4953	4990	5263	5327	5410	4710	5466	5476	4704	0	5272	3987	5524	4974	4751	5567	5253	5369	5554	5002	5380	5108	4761	5570	4957	5265	5403	4826	4707	4655	5448	5100	5306	4910	5715	5684	5141	5468	5462	4779	5410	5625	4803	4974	4708	4985	5284	4849	5816	5593	5060	5051	5367	4990	5446	5374	5449	5288	5219
PD5117bp	4888	5768	5704	5603	5246	4800	5267	5106	5066	4925	5334	4912	5588	5526	5729	5190	5372	5378	5224	4971	4691	4604	5586	5133	4923	5275	5222	5302	5211	5197	4778	4977	5077	4974	5004	5764	4728	4236	5272	0	5359	5254	4714	5021	5153	5523	4945	5260	5196	4958	4814	5019	5024	5235	5521	5165	4078	5037	4903	5200	4700	5568	5158	5439	5316	4875	5726	4732	4991	4998	5201	4403	4578	4964	5265	5586	5143	5430	4801	5350	5339	5061	4546	5660	5080	5149	5104	4957
PD5117br	5387	5553	5517	5964	5069	5153	4060	4927	5409	5420	5151	5275	5403	5363	5514	4993	5161	5751	5739	5658	4680	5105	5373	4882	5374	5060	5569	5707	5576	5030	5121	5360	5420	5483	4807	5555	5561	4811	3987	5359	0	5637	5067	4852	5644	5326	5458	5637	5065	5525	5205	4784	5693	5014	5346	5548	4945	4770	4694	5533	5219	5393	4977	5810	5723	5214	5503	5593	4834	5525	5728	4914	5073	4759	5038	5363	4934	5935	5650	5105	5108	5408	5071	5491	5501	5556	5367	5324
PD5117bs	5238	6004	5936	5815	5536	5028	5549	5380	5264	5295	5570	5132	5830	5800	5951	5470	5618	5598	5616	5545	4871	5022	5808	5363	5263	5531	5330	5524	5427	5485	5078	5197	5163	5372	5260	6030	5450	4704	5524	5254	5637	0	4612	5259	5557	5793	5371	5466	5476	5390	5062	5287	5584	5481	5791	5061	4830	5271	5175	5382	5118	5824	5438	5667	5622	5077	5958	5450	5253	5402	5601	4817	4964	5238	5515	5840	5427	5800	5537	5574	5607	5253	4984	5930	4998	5359	5354	5181
PD5117bt	4708	5472	5440	5271	4998	4488	4983	4814	4684	4773	5052	4562	5322	5256	5441	4926	5110	5028	5092	5005	4343	4454	5312	4825	4713	4993	4804	4944	4885	4929	4520	4653	4627	4864	4704	5464	4898	4142	4974	4714	5067	4612	0	4757	5029	5265	4797	4946	4924	4836	4514	4719	5032	4911	5257	3743	4280	4705	4639	4870	4530	5316	4906	5129	5068	4543	5440	4906	4733	4854	5057	4241	4422	4688	4945	5282	4847	5276	5007	5048	5043	4701	4418	5388	4378	4863	4818	4627
PD5117bu	5035	5211	4049	5626	4747	4837	4724	4583	5053	5102	4803	4947	5047	5019	4718	4687	3725	5405	5399	5316	4318	4807	5029	4546	5008	4728	5253	5349	5208	4676	4755	5036	5088	5173	4473	5249	5207	4481	4751	5021	4852	5259	4757	0	5330	4990	5120	5307	4751	5129	4865	4478	5357	4680	4990	5168	4583	4474	4380	5249	4871	5037	4647	5506	5409	4894	5193	5239	4506	5161	5384	4568	4743	4425	4714	5063	4584	5587	5330	4779	4790	5124	4741	5139	5137	5204	5039	4978
PD5117bv	4955	6063	5971	5908	5559	5113	5596	5425	5355	4694	5649	5219	5865	5851	6008	5473	5661	5679	5057	5466	4986	4387	5873	5382	5240	5546	5521	5589	5510	5504	5107	5248	5358	4739	5311	6081	5327	4599	5567	5153	5644	5557	5029	5330	0	5828	4790	5565	5463	4843	5129	5324	5469	5502	5794	5468	4737	5316	5210	5505	4501	5887	5473	5772	5633	5162	6031	5365	5286	4495	4960	4404	4345	5257	5556	5861	5406	5203	5456	5603	5584	5358	4391	5961	5421	5472	5381	5240
PD5117bw	5523	5689	5671	6112	5219	5331	5230	5063	5581	5604	5299	5459	5555	5509	5652	5163	5361	5899	5897	5812	4842	5265	5511	5048	5520	5216	5745	5843	5734	5202	5233	5550	5618	5679	4965	5701	5711	4969	5253	5523	5326	5793	5265	4990	5828	0	5592	5787	5231	5623	5365	5004	5867	5188	5474	5670	5083	4976	4924	5721	5351	5535	5165	5936	5923	5362	5703	5733	5010	5681	5888	5052	5205	4921	5238	5573	5088	6061	5788	5315	5262	5608	5243	5655	5665	5684	5561	5480
PD5117bx	4699	5857	5803	5680	5339	4893	5318	5209	5143	4578	5409	4977	5653	5605	5802	5329	5489	5451	4873	5246	4758	4255	5677	5198	5030	5320	5287	5411	5290	5276	4899	5070	5136	4639	5103	5883	5135	4409	5369	4945	5458	5371	4797	5120	4790	5592	0	5339	5175	4091	4925	5116	5307	5302	5588	5248	4545	5104	5016	5277	4377	5683	5239	5554	5419	4938	5809	5145	5100	4649	4840	4202	4225	5013	5378	5687	5212	5087	5226	5397	5392	5162	4189	5761	5209	5248	5185	5020
PD5117by	5294	6006	5926	5713	5550	4804	5589	5404	5128	5345	5594	3924	5816	5848	6003	5498	5698	5554	5604	5557	4965	5018	5838	5377	5289	5541	5468	5386	5191	5493	5092	5071	5299	5434	5256	6042	5438	4734	5554	5260	5637	5466	4946	5307	5565	5787	5339	0	5454	5380	4982	5337	5584	5501	5807	5379	4850	5271	5203	4250	5114	5840	5424	5587	5624	4939	5994	5460	5277	5404	5623	4811	4986	5272	5527	5874	5399	5788	5547	5582	5583	5253	4984	5942	5336	5253	5330	5081
PD5117bz	5178	5458	5398	5795	4990	5008	4989	4842	5268	5203	5072	5116	5282	5262	5429	4922	5072	5580	5486	5487	4551	4908	5270	4785	5177	4955	5408	5500	5383	4945	4954	5197	5273	5282	4720	5448	5350	4642	5002	5196	5065	5476	4924	4751	5463	5231	5175	5454	0	5106	5040	4753	5522	4953	5237	5353	4744	4727	4635	5394	4978	5266	4892	5623	5574	5069	5440	5376	4695	5288	5501	4677	4840	4672	4975	5280	4851	5698	5487	5036	5015	5277	4838	5390	5336	5337	5204	5161
PD5117ca	4762	5860	5798	5715	5350	4888	5395	5228	5154	4593	5450	5038	5654	5648	5825	5352	5470	5498	4886	5255	4783	4294	5688	5207	5051	5363	5328	5416	5311	5323	4920	5115	5181	4684	5118	5876	5124	4438	5380	4958	5525	5390	4836	5129	4843	5623	4091	5380	5106	0	4946	5147	5298	5329	5633	5241	4550	5129	5021	5324	4386	5676	5286	5551	5480	5001	5852	5188	5099	4718	4881	4221	4208	5062	5337	5686	5241	5096	5227	5392	5445	5163	4258	5782	5240	5295	5206	5047
PD5117cb	4856	5582	5534	5335	5110	4548	5103	4948	4804	4923	5172	4638	5408	5386	5553	5044	5212	5000	5202	5157	4501	4590	5430	4923	4833	5099	5042	5050	4943	5063	4642	4691	4865	4950	4828	5578	4998	4288	5108	4814	5205	5062	4514	4865	5129	5365	4925	4982	5040	4946	0	4877	5154	5043	5365	4951	4410	4835	4753	4916	4674	5388	5000	5061	5260	4605	5568	5030	4837	5002	5191	4375	4524	4776	5087	5420	4953	5416	5135	5142	5185	4703	4530	5508	4910	4883	4928	4547
PD5117cc	5045	5185	5149	5650	4735	4831	4722	4583	5075	5064	4779	4959	5049	5009	5172	4647	4847	5417	5383	5352	4306	4751	5017	4552	5000	4712	5255	5345	5230	4686	4735	5008	5118	5169	4449	5225	5207	4473	4761	5019	4784	5287	4719	4478	5324	5004	5116	5337	4753	5147	4877	0	5361	4676	4992	5178	4597	4468	4380	5227	4865	5047	4661	5486	5443	4892	5157	5201	4476	5185	5358	4558	4737	4419	4730	5069	4596	5569	5324	4805	4784	5114	4723	5115	5145	5232	5017	4974
PD5117cd	5198	6048	5996	5923	5586	5140	5611	5406	5384	5255	5658	5250	5938	5858	6003	5566	5702	5660	5566	5033	5003	4924	5918	5411	5265	5577	5542	5626	5509	5537	5148	5297	5411	5312	5322	6076	5226	4576	5570	5024	5693	5584	5032	5357	5469	5867	5307	5584	5522	5298	5154	5361	0	5539	5801	5467	4584	5347	5261	5496	5046	5914	5472	5779	5666	5179	6034	5260	5301	5336	5551	4717	4880	5310	5571	5896	5459	5714	5317	5654	5609	5407	4900	5994	5430	5483	5410	5287
PD5117ce	5219	5391	5351	5812	4911	5023	4920	4755	5263	5296	4985	5143	5241	5215	5388	4861	5019	5597	5551	5480	4500	4953	5217	4740	5162	4916	5423	5501	5410	4862	4951	5200	5286	5333	4657	5409	5371	4651	4957	5235	5014	5481	4911	4680	5502	5188	5302	5501	4953	5329	5043	4676	5539	0	5204	5364	4763	4656	4566	5421	5039	5239	4829	5646	5599	5054	5369	5423	4694	5401	5564	4734	4923	4637	4904	5239	4764	5749	5518	4985	4978	5288	4899	5329	5335	5382	5233	5180
PD5117cg	5511	5705	5675	6128	5215	5297	5226	5071	5533	5574	5289	5443	5569	5519	5664	5183	5341	5893	5849	5812	4826	5259	5519	5046	5524	5210	5737	5859	5712	5188	5237	5512	5616	5657	4977	5739	5691	4967	5265	5521	5346	5791	5257	4990	5794	5474	5588	5807	5237	5633	5365	4992	5801	5204	0	5644	5093	5002	4870	5719	5345	5565	5143	5966	5935	5370	5681	5703	5020	5635	5868	5024	5213	4945	5204	5561	5070	6035	5778	5301	5274	5598	5243	5645	5609	5694	5555	5508
PD5117ch	5117	5937	5851	5704	5411	4909	5414	5275	5123	5178	5473	5027	5711	5689	5876	5417	5537	5479	5489	5454	4804	4871	5717	5254	5126	5424	5239	5427	5296	5366	4943	5092	5094	5273	5139	5891	5305	4557	5403	5165	5548	5061	3743	5168	5468	5670	5248	5379	5353	5241	4951	5178	5467	5364	5644	0	4707	5156	5066	5309	4963	5723	5357	5584	5553	4970	5871	5323	5160	5261	5536	4664	4855	5119	5398	5677	5286	5699	5426	5473	5502	5168	4837	5843	4829	5296	5267	5064
PD5117ci	4448	5340	5268	5193	4838	4386	4825	4690	4612	4475	4910	4482	5122	5114	5291	4784	4922	4952	4776	4573	4233	4184	5134	4673	4503	4831	4788	4858	4759	4749	4340	4571	4609	4582	4562	5320	4288	3808	4826	4078	4945	4830	4280	4583	4737	5083	4545	4850	4744	4550	4410	4597	4584	4763	5093	4707	0	4553	4481	4762	4260	5142	4728	5049	4920	4465	5302	4314	4561	4562	4769	3927	4126	4530	4787	5128	4695	4980	4399	4862	4869	4673	4116	5256	4656	4759	4646	4521
PD5117cj	5027	5173	5111	5638	4673	4805	4700	4537	5055	5050	4821	4945	5037	4991	5170	4637	4787	5383	5367	5306	4290	4737	5033	4536	5020	4724	5197	5371	5238	4676	4749	4996	5086	5121	4451	5229	5183	4435	4707	5037	4770	5271	4705	4474	5316	4976	5104	5271	4727	5129	4835	4468	5347	4656	5002	5156	4553	0	4384	5243	4833	5009	4587	5452	5425	4882	5153	5193	4454	5141	5338	4538	4701	4417	4694	5009	4566	5561	5318	4745	4770	5078	4707	5109	5115	5198	5019	4992
PD5117ck	4893	5103	5059	5516	4603	4713	4640	4473	4973	4992	4657	4817	4959	4901	5078	4577	4727	5267	5279	5192	4210	4643	4927	4452	4886	4618	5135	5197	5138	4544	4669	4890	4976	5027	4371	5117	5101	4361	4655	4903	4694	5175	4639	4380	5210	4924	5016	5203	4635	5021	4753	4380	5261	4566	4870	5066	4481	4384	0	5147	4761	4907	4545	5328	5333	4776	5099	5095	4362	5069	5292	4434	4597	4347	4578	4897	4452	5503	5212	4661	4644	4986	4629	5039	5021	5074	4937	4836
PD5117cl	5206	5930	5878	5621	5474	4726	5463	5302	5054	5269	5558	3890	5778	5738	5893	5420	5604	5454	5588	5495	4877	4962	5780	5277	5187	5475	5400	5312	5107	5435	4992	4995	5233	5308	5226	5946	5380	4648	5448	5200	5533	5382	4870	5249	5505	5721	5277	4250	5394	5324	4916	5227	5496	5421	5719	5309	4762	5243	5147	0	5034	5752	5354	5531	5562	4865	5926	5382	5201	5330	5571	4745	4912	5152	5461	5788	5331	5750	5519	5508	5537	5163	4908	5882	5258	5175	5290	5045
PD5117cm	4510	5600	5544	5437	5130	4652	5121	4954	4888	4161	5180	4744	5422	5390	5543	5048	5228	5232	4590	5005	4523	3816	5432	4939	4775	5095	5070	5144	5063	5061	4666	4815	4901	3890	4830	5606	4888	4114	5100	4700	5219	5118	4530	4871	4501	5351	4377	5114	4978	4386	4674	4865	5046	5039	5345	4963	4260	4833	4761	5034	0	5428	4990	5275	5182	4711	5578	4926	4817	4316	4455	3951	3762	4810	5075	5444	4977	4638	4969	5146	5167	4913	3938	5512	4968	5005	4912	4827
PD5117cn	5590	5756	5690	6213	5268	5390	5279	5136	5624	5641	5362	5490	5610	5570	5713	5190	5388	5950	5940	5879	4873	5314	5574	5113	5561	5267	5772	5880	5771	5241	5312	5573	5629	5742	5032	5804	5756	5040	5306	5568	5393	5824	5316	5037	5887	5535	5683	5840	5266	5676	5388	5047	5914	5239	5565	5723	5142	5009	4907	5752	5428	0	5198	6013	5978	5453	5774	5782	5053	5720	5931	5089	5276	4982	5287	5602	5151	6132	5899	5336	5263	5655	5282	5678	5690	5743	5606	5543
PD5117co	5192	5336	5330	5743	4864	4984	4859	4730	5216	5231	4918	5034	5198	5140	5343	4830	4992	5542	5528	5445	4471	4900	5194	4679	5137	4869	5380	5478	5357	4835	4912	5143	5211	5294	4620	5384	5322	4600	4910	5158	4977	5438	4906	4647	5473	5165	5239	5424	4892	5286	5000	4661	5472	4829	5143	5357	4728	4587	4545	5354	4990	5198	0	5603	5566	5033	5356	5352	4649	5330	5509	4697	4858	4576	4875	5170	4767	5706	5451	4952	4899	5219	4866	5276	5284	5339	5168	5137
PD5117cp	5391	6147	6139	5920	5685	5129	5708	5567	5391	5528	5795	5271	6027	5997	6166	5635	5841	5131	5807	5740	5152	5205	5999	5534	5432	5686	5627	5647	5548	5632	5231	5326	5440	5565	5457	6191	5601	4887	5715	5439	5810	5667	5129	5506	5772	5936	5554	5587	5623	5551	5061	5486	5779	5646	5966	5584	5049	5452	5328	5531	5275	6013	5603	0	5805	5212	6177	5625	5428	5579	5768	4990	5153	5409	5664	6027	5592	6013	5718	5767	5748	5210	5145	6099	5507	5522	5513	5112
PD5117cq	5330	6132	6070	5993	5634	5194	5675	5514	5446	5429	5734	5304	5978	5940	6089	5626	5768	5788	5680	5635	5081	5088	5984	5503	5301	5669	5612	5716	5589	5633	5198	5399	5443	5472	5392	6122	5534	4810	5684	5316	5723	5622	5068	5409	5633	5923	5419	5624	5574	5480	5260	5443	5666	5599	5935	5553	4920	5425	5333	5562	5182	5978	5566	5805	0	5267	6136	5538	5379	5494	5695	4853	5042	5364	5643	5980	5515	5868	5623	5708	5699	5483	5034	6038	5482	5569	5450	5331
PD5117cr	4877	5589	5577	4726	5113	4477	5178	5019	4599	4932	5193	4551	5485	5401	5576	5093	5279	5099	5247	5144	4540	4601	5449	4990	4878	5142	5047	4435	4850	5086	4667	4044	4904	4983	4861	5629	5057	4293	5141	4875	5214	5077	4543	4894	5162	5362	4938	4939	5069	5001	4605	4892	5179	5054	5370	4970	4465	4882	4776	4865	4711	5453	5033	5212	5267	0	5589	5059	4868	5003	5220	4420	4541	4845	5118	5455	5018	5399	5144	5185	5170	4830	4541	5551	4939	4308	4981	4732
PD5117cs	5738	5892	5800	6317	5448	5522	5441	5262	5778	5799	5472	5624	5748	5704	5873	5334	5526	6114	6072	6037	5017	5502	5712	5257	5733	5441	5942	6054	5915	5381	5468	5701	5801	5854	5172	5900	5874	5168	5468	5726	5503	5958	5440	5193	6031	5703	5809	5994	5440	5852	5568	5157	6034	5369	5681	5871	5302	5153	5099	5926	5578	5774	5356	6177	6136	5589	0	5890	5217	5868	6083	5271	5434	5152	5417	5752	5317	6270	5997	5516	5469	5785	5426	5816	5824	5893	5732	5679
PD5117ct	5068	5948	5912	5801	5466	5042	5491	5296	5240	5113	5552	5120	5762	5742	5911	5386	5580	5578	5414	5205	4887	4816	5770	5321	5117	5451	5406	5496	5419	5421	5012	5179	5251	5186	5194	5980	4612	4440	5462	4732	5593	5450	4906	5239	5365	5733	5145	5460	5376	5188	5030	5201	5260	5423	5703	5323	4314	5193	5095	5382	4926	5782	5352	5625	5538	5059	5890	0	5181	5230	5419	4613	4790	5152	5443	5796	5355	5634	4823	5484	5527	5253	4772	5858	5304	5373	5278	5181
PD5117cu	4973	5193	5161	5634	4731	4813	4746	4547	5081	5058	4807	4921	5033	5017	5178	4663	4859	5379	5339	5288	4334	4727	5033	4554	4990	4730	5213	5299	5184	4656	4751	4984	5070	5101	4477	5243	5133	4433	4779	4991	4834	5253	4733	4506	5286	5010	5100	5277	4695	5099	4837	4476	5301	4694	5020	5160	4561	4454	4362	5201	4817	5053	4649	5428	5379	4868	5217	5181	0	5143	5334	4520	4663	4407	4678	5049	4610	5523	5260	4787	4740	5070	4669	5131	5139	5182	5033	4942
PD5117cv	4814	5918	5858	5727	5430	4940	5429	5256	5152	4545	5486	5084	5726	5686	5851	5358	5506	5518	4888	5337	4823	4246	5684	5243	5097	5415	5342	5446	5343	5357	4944	5137	5195	4604	5162	5924	5182	4464	5410	4998	5525	5402	4854	5161	4495	5681	4649	5404	5288	4718	5002	5185	5336	5401	5635	5261	4562	5141	5069	5330	4316	5720	5330	5579	5494	5003	5868	5230	5143	0	4825	4261	4206	5124	5393	5752	5261	5034	5311	5472	5443	5225	4208	5788	5258	5333	5212	5093
PD5117cw	5001	6125	6069	5930	5635	5165	5626	5469	5379	4642	5679	5279	5935	5905	6040	5577	5745	5717	5083	5506	5052	4209	5935	5468	5284	5612	5597	5637	5572	5568	5177	5328	5410	4755	5357	6117	5379	4683	5625	5201	5728	5601	5057	5384	4960	5888	4840	5623	5501	4881	5191	5358	5551	5564	5868	5536	4769	5338	5292	5571	4455	5931	5509	5768	5695	5220	6083	5419	5334	4825	0	4436	4281	5335	5598	5939	5498	4961	5504	5683	5634	5430	4445	6015	5451	5532	5449	5332
PD5117cx	4193	5291	5255	5126	4791	4357	4802	4647	4597	4156	4877	4449	5093	5075	5256	4717	4935	4951	4461	4704	4206	3839	5129	4624	4466	4780	4749	4845	4752	4756	4325	4542	4586	4219	4529	5287	4589	3833	4803	4403	4914	4817	4241	4568	4404	5052	4202	4811	4677	4221	4375	4558	4717	4734	5024	4664	3927	4538	4434	4745	3951	5089	4697	4990	4853	4420	5271	4613	4520	4261	4436	0	3789	4489	4762	5129	4660	4651	4702	4849	4846	4600	3795	5203	4633	4694	4627	4494
PD5117cy	4336	5472	5412	5313	4988	4520	4971	4822	4774	3893	5042	4606	5266	5252	5407	4904	5104	5088	4434	4869	4389	3652	5262	4793	4631	4957	4922	5022	4885	4897	4468	4691	4785	4084	4694	5470	4740	4016	4974	4578	5073	4964	4422	4743	4345	5205	4225	4986	4840	4208	4524	4737	4880	4923	5213	4855	4126	4701	4597	4912	3762	5276	4858	5153	5042	4541	5434	4790	4663	4206	4281	3789	0	4634	4927	5286	4839	4442	4863	5000	5019	4767	3772	5348	4818	4863	4786	4655
PD5117cz	4990	5170	5138	5593	4660	4766	4697	4510	5014	5037	4754	4872	5004	4960	5135	4608	4774	5326	5336	5271	4277	4698	4980	4519	4963	4643	5200	5298	5161	4643	4702	4961	5047	5092	4378	5182	5132	4390	4708	4964	4759	5238	4688	4425	5257	4921	5013	5272	4672	5062	4776	4419	5310	4637	4945	5119	4530	4417	4347	5152	4810	4982	4576	5409	5364	4845	5152	5152	4407	5124	5335	4489	4634	0	4641	5008	4577	5504	5259	4768	4697	5041	4636	5062	5086	5115	4994	4931
PD5117da	5245	5449	5401	5858	4959	5041	4974	4779	5295	5292	5029	5187	5279	5233	5416	4889	5041	5651	5629	5576	4534	4983	5263	4786	5228	4942	5455	5549	5426	4916	4989	5224	5322	5397	4679	5463	5423	4687	4985	5265	5038	5515	4945	4714	5556	5238	5378	5527	4975	5337	5087	4730	5571	4904	5204	5398	4787	4694	4578	5461	5075	5287	4875	5664	5643	5118	5417	5443	4678	5393	5598	4762	4927	4641	0	5267	4858	5781	5540	5011	5006	5314	4937	5361	5351	5422	5267	5200
PD5117db	5584	5746	5716	6185	5252	5380	5291	5142	5640	5665	5378	5510	5590	5574	5747	5228	5404	5960	5936	5893	4887	5310	5592	5125	5591	5297	5772	5896	5789	5239	5326	5589	5643	5722	5054	5776	5754	5054	5284	5586	5363	5840	5282	5063	5861	5573	5687	5874	5280	5686	5420	5069	5896	5239	5561	5677	5128	5009	4897	5788	5444	5602	5170	6027	5980	5455	5752	5796	5049	5752	5939	5129	5286	5008	5267	0	5161	6138	5869	5348	5355	5655	5284	5738	5704	5779	5590	5523
PD5117dc	5149	5297	5233	5736	4847	4961	4838	4651	5175	5208	4917	5089	5165	5107	5252	4763	4915	5527	5487	5450	4434	4855	5127	4620	5110	4806	5365	5461	5342	4764	4869	5118	5234	5257	4585	5319	5331	4567	4849	5143	4934	5427	4847	4584	5406	5088	5212	5399	4851	5241	4953	4596	5459	4764	5070	5286	4695	4566	4452	5331	4977	5151	4767	5592	5515	5018	5317	5355	4610	5261	5498	4660	4839	4577	4858	5161	0	5657	5408	4857	4882	5216	4845	5235	5265	5324	5179	5090
PD5117dd	5202	6288	6246	6125	5806	5370	5795	5664	5578	4841	5894	5496	6122	6086	6271	5752	5922	5924	5278	5703	5211	4300	6084	5635	5487	5773	5734	5850	5717	5767	5356	5557	5605	4930	5518	6318	5578	4864	5816	5430	5935	5800	5276	5587	5203	6061	5087	5788	5698	5096	5416	5569	5714	5749	6035	5699	4980	5561	5503	5750	4638	6132	5706	6013	5868	5399	6270	5634	5523	5034	4961	4651	4442	5504	5781	6138	5657	0	5669	5844	5839	5567	4632	6194	5640	5717	5624	5509
PD5117de	5137	6013	5985	5878	5557	5109	5546	5381	5329	5156	5651	5211	5855	5817	6018	5497	5665	5657	5491	5294	4970	4873	5841	5398	5198	5522	5485	5571	5502	5462	5099	5248	5340	5287	5267	6037	4789	4567	5593	4801	5650	5537	5007	5330	5456	5788	5226	5547	5487	5227	5135	5324	5317	5518	5778	5426	4399	5318	5212	5519	4969	5899	5451	5718	5623	5144	5997	4823	5260	5311	5504	4702	4863	5259	5540	5869	5408	5669	0	5593	5604	5326	4843	5943	5381	5432	5375	5252
PD5117n	5306	5480	5458	5911	4992	5108	5055	4892	5374	5341	5040	5232	5356	5300	5447	4962	5152	5694	5670	5623	4619	5060	5324	4855	5311	5039	5528	5640	5505	4973	5044	5309	5393	5438	4760	5564	5488	4784	5060	5350	5105	5574	5048	4779	5603	5315	5397	5582	5036	5392	5142	4805	5654	4985	5301	5473	4862	4745	4661	5508	5146	5336	4952	5767	5708	5185	5516	5484	4787	5472	5683	4849	5000	4768	5011	5348	4857	5844	5593	0	5065	5373	5000	5420	5432	5503	5354	5267
PD5117s	5311	5473	5435	5916	5021	5133	5024	4841	5375	5392	5073	5217	5341	5273	5452	4925	5099	5689	5679	5616	4620	5069	5339	4836	5298	5012	5541	5627	5516	4974	5057	5302	5380	5455	4735	5519	5499	4763	5051	5339	5108	5607	5043	4790	5584	5262	5392	5583	5015	5445	5185	4784	5609	4978	5274	5502	4869	4770	4644	5537	5167	5263	4899	5748	5699	5170	5469	5527	4740	5443	5634	4846	5019	4697	5006	5355	4882	5839	5604	5065	0	5394	5019	5447	5451	5482	5337	5280
PD5117t	5045	5841	5781	5560	5335	4743	5366	5189	5017	5138	5391	4885	5659	5629	5756	5277	5451	5081	5415	5350	4758	4809	5627	5158	5066	5324	5249	5263	5176	5276	4867	4942	5110	5181	5047	5807	5261	4525	5367	5061	5408	5253	4701	5124	5358	5608	5162	5253	5277	5163	4703	5114	5407	5288	5598	5168	4673	5078	4986	5163	4913	5655	5219	5210	5483	4830	5785	5253	5070	5225	5430	4600	4767	5041	5314	5655	5216	5567	5326	5373	5394	0	4743	5721	5143	5150	5109	4722
PD5117u	4350	5440	5434	5309	4954	4516	5003	4834	4738	4161	5026	4624	5294	5248	5431	4890	5064	5102	4218	4857	4391	3822	5282	4807	4623	4945	4914	5020	4905	4937	4502	4693	4793	4198	4704	5464	4762	4014	4990	4546	5071	4984	4418	4741	4391	5243	4189	4984	4838	4258	4530	4723	4900	4899	5243	4837	4116	4707	4629	4908	3938	5282	4866	5145	5034	4541	5426	4772	4669	4208	4445	3795	3772	4636	4937	5284	4845	4632	4843	5000	5019	4743	0	5350	4808	4847	4788	4661
PD5117v	5704	5858	5802	6237	5390	5488	5409	5226	5708	5759	5454	5602	5686	5632	5819	5284	5496	6054	6020	5947	4969	5404	5676	5197	5653	4761	5886	5970	5847	5313	5406	5655	5739	5802	5094	5852	5806	5110	5446	5660	5491	5930	5388	5139	5961	5655	5761	5942	5390	5782	5508	5115	5994	5329	5645	5843	5256	5109	5039	5882	5512	5678	5276	6099	6038	5551	5816	5858	5131	5788	6015	5203	5348	5062	5361	5738	5235	6194	5943	5420	5447	5721	5350	0	5758	5857	5684	5623
PD5117w	5136	5894	5792	5657	5360	4862	5399	5222	5106	5187	5476	5006	5674	5664	5845	5340	5482	5452	5464	5423	4711	4864	5702	5213	5105	5405	5192	5410	5277	5339	4920	5053	5063	5246	5124	5914	5274	4540	5374	5080	5501	4998	4378	5137	5421	5665	5209	5336	5336	5240	4910	5145	5430	5335	5609	4829	4656	5115	5021	5258	4968	5690	5284	5507	5482	4939	5824	5304	5139	5258	5451	4633	4818	5086	5351	5704	5265	5640	5381	5432	5451	5143	4808	5758	0	5231	5198	5003
PD5117x	5189	5917	5857	4998	5423	4787	5462	5305	4903	5244	5531	4861	5757	5719	5880	5359	5551	5451	5545	5460	4818	4919	5727	5282	5188	5442	5363	4527	5172	5400	4993	4416	5170	5297	5141	5911	5357	4617	5449	5149	5556	5359	4863	5204	5472	5684	5248	5253	5337	5295	4883	5232	5483	5382	5694	5296	4759	5198	5074	5175	5005	5743	5339	5522	5569	4308	5893	5373	5182	5333	5532	4694	4863	5115	5422	5779	5324	5717	5432	5503	5482	5150	4847	5857	5231	0	5277	4998
PD5117y	5106	5766	5702	5707	5276	4884	5303	5128	5088	5161	5356	4984	5604	5564	5753	5226	5384	5450	5458	5397	4723	4842	5576	5095	5095	5307	5298	5412	5315	5215	4792	5049	5157	5204	5026	5786	5246	4530	5288	5104	5367	5354	4818	5039	5381	5561	5185	5330	5204	5206	4928	5017	5410	5233	5555	5267	4646	5019	4937	5290	4912	5606	5168	5513	5450	4981	5732	5278	5033	5212	5449	4627	4786	4994	5267	5590	5179	5624	5375	5354	5337	5109	4788	5684	5198	5277	0	5039
