	PD6629aa	PD6629ab	PD6629ac	PD6629ad	PD6629af	PD6629ag	PD6629ah	PD6629ai	PD6629aj	PD6629ak	PD6629al	PD6629an	PD6629ao	PD6629ap	PD6629aq	PD6629as	PD6629db_lo0001	PD6629db_lo0002	PD6629db_lo0003	PD6629db_lo0005	PD6629db_lo0006	PD6629db_lo0007	PD6629db_lo0008	PD6629db_lo0009	PD6629db_lo0011	PD6629db_lo0012	PD6629db_lo0013	PD6629db_lo0014	PD6629db_lo0015	PD6629db_lo0016	PD6629db_lo0017	PD6629db_lo0018	PD6629db_lo0019	PD6629db_lo0020	PD6629db_lo0022	PD6629db_lo0023	PD6629db_lo0024	PD6629db_lo0025	PD6629db_lo0026	PD6629db_lo0027	PD6629db_lo0028	PD6629db_lo0029	PD6629db_lo0030	PD6629db_lo0031	PD6629db_lo0032	PD6629db_lo0033	PD6629db_lo0035	PD6629db_lo0036	PD6629j	PD6629k	PD6629n	PD6629o	PD6629p	PD6629r	PD6629u	PD6629v	PD6629w	PD6629x	PD6629y
PD6629aa	0	2335	1836	1664	1733	1780	1954	1756	1860	1894	1790	2725	1690	1808	1726	1799	2871	2368	2746	2769	2789	2058	2780	2799	2433	2657	1863	2183	2265	3183	1889	2776	2622	2741	2703	1851	2603	1923	3035	2668	3153	1903	3169	2004	2779	2745	2787	2381	2845	2344	1784	1872	2511	2529	1736	1798	1822	1828	1777
PD6629ab	2335	0	2415	2239	2300	2385	2549	2331	2405	2461	2371	2578	2319	2377	2291	2388	2786	2915	2625	2250	2694	2653	2691	2734	3018	3216	2440	2782	2812	3054	2442	2669	3191	2636	2592	2414	2138	2506	2900	2545	3176	2490	3074	2549	2648	3254	2630	2946	2752	2243	2363	2435	2404	2430	2315	2377	2423	2405	2358
PD6629ac	1836	2415	0	1526	1795	1656	1840	1820	1802	1748	1862	2791	1792	1744	1598	1487	2937	2386	2818	2837	2849	1916	2848	2891	2293	2693	1929	2053	2301	3269	1933	2840	2218	2815	2781	1903	2673	1941	3093	2754	3225	1773	3277	2058	2861	2721	2863	2421	2919	2404	1656	1928	2585	2607	1782	1662	1686	1862	1767
PD6629ad	1664	2239	1526	0	1623	1054	1218	1652	1660	1608	1702	2627	1670	1602	996	1501	2817	2244	2656	2673	2719	1790	2708	2755	2069	2561	1785	1451	2151	3133	1791	2704	2364	2669	2645	1737	2519	1749	2957	2598	3081	1639	3123	1892	2697	2575	2747	2285	2789	2290	1054	1766	2439	2463	1640	1062	1106	1680	1637
PD6629af	1733	2300	1795	1623	0	1747	1915	1493	1805	1861	1735	2700	1729	1767	1685	1762	2850	2341	2711	2732	2756	2045	2761	2810	2412	2500	1788	2140	2184	3140	1850	2763	2599	2718	2696	1792	2594	1872	2992	2641	3144	1890	3158	1925	2752	2704	2774	2324	2824	2323	1745	1827	2474	2500	1625	1773	1785	1797	1746
PD6629ag	1780	2385	1656	1054	1747	0	1376	1776	1774	1714	1802	2749	1774	1718	1104	1623	2911	2350	2774	2795	2837	1898	2828	2845	2181	2659	1901	1589	2261	3227	1909	2800	2476	2781	2739	1859	2643	1885	3073	2714	3151	1755	3215	2014	2805	2701	2843	2383	2899	2386	1102	1886	2545	2575	1736	1144	1216	1772	1739
PD6629ah	1954	2549	1840	1218	1915	1376	0	1956	1936	1904	1992	2933	1936	1882	1310	1791	3107	2512	2948	2983	3019	2088	3002	3017	2361	2851	2083	1737	2407	3397	2077	2986	2642	2961	2893	2049	2793	2059	3245	2880	3337	1927	3395	2172	2987	2857	3031	2559	3075	2562	1380	2060	2709	2765	1928	1388	1416	1950	1901
PD6629ai	1756	2331	1820	1652	1493	1776	1956	0	1820	1886	1764	2711	1724	1774	1698	1779	2865	2356	2730	2753	2791	2042	2784	2803	2403	2511	1793	2167	2205	3177	1859	2770	2586	2731	2705	1817	2613	1907	3029	2672	3133	1911	3185	1966	2755	2709	2815	2361	2833	2342	1776	1842	2513	2523	1636	1784	1812	1802	1771
PD6629aj	1860	2405	1802	1660	1805	1774	1936	1820	0	1866	1884	2821	1852	1274	1710	1779	2953	2428	2810	2851	2883	2040	2912	2897	2399	2693	1957	2157	2321	3259	1983	2880	2608	2831	2789	1933	2699	1951	3115	2776	3243	1901	3303	2066	2859	2745	2901	2465	2951	2432	1760	1950	2603	2639	1810	1802	1808	1892	1803
PD6629ak	1894	2461	1748	1608	1861	1714	1904	1886	1866	0	1930	2863	1888	1824	1664	1733	3013	2462	2874	2871	2919	1954	2924	2955	2363	2767	2025	2123	2349	3305	1991	2918	2524	2875	2817	1947	2735	1991	3159	2814	3271	1819	3327	2108	2919	2791	2931	2457	2993	2490	1738	1972	2641	2681	1842	1750	1758	1918	1825
PD6629al	1790	2371	1862	1702	1735	1802	1992	1764	1884	1930	0	2757	1774	1826	1758	1823	2909	2404	2770	2785	2839	2060	2838	2857	2455	2641	1925	2207	2249	3221	1725	2808	2648	2759	2735	1693	2645	1943	3059	2688	3211	1945	3211	2006	2807	2745	2855	2417	2887	2404	1816	1816	2553	2573	1756	1822	1866	1868	1799
PD6629an	2725	2578	2791	2627	2700	2749	2933	2711	2821	2863	2757	0	2709	2751	2675	2760	3012	3289	2859	2996	2904	3025	2909	2956	3378	3578	2836	3142	3204	2964	2834	2893	3573	2854	2826	2802	2846	2876	2816	2843	3528	2894	3412	2941	2882	3692	3052	3316	2966	2475	2731	2837	2622	2658	2681	2765	2807	2791	2740
PD6629ao	1690	2319	1792	1670	1729	1774	1936	1724	1852	1888	1774	2709	0	1788	1704	1775	2891	2374	2724	2745	2791	2058	2784	2797	2417	2629	1855	2143	2227	3157	1847	2760	2582	2737	2691	1815	2595	1897	3027	2650	3125	1893	3179	1970	2747	2707	2807	2367	2849	2354	1774	1846	2491	2529	1710	1794	1808	1804	1779
PD6629ap	1808	2377	1744	1602	1767	1718	1882	1774	1274	1824	1826	2751	1788	0	1640	1727	2931	2346	2780	2789	2829	1972	2824	2845	2365	2645	1909	2117	2249	3215	1931	2806	2558	2773	2733	1881	2645	1899	3067	2710	3185	1833	3259	2024	2803	2665	2849	2385	2889	2376	1732	1894	2523	2569	1768	1740	1758	1840	1739
PD6629aq	1726	2291	1598	996	1685	1104	1310	1698	1710	1664	1758	2675	1704	1640	0	1565	2861	2260	2702	2705	2759	1822	2768	2799	2137	2605	1823	1537	2179	3159	1837	2752	2402	2701	2673	1793	2569	1819	2997	2648	3111	1681	3185	1940	2741	2607	2793	2317	2817	2328	1094	1816	2479	2501	1692	1130	1152	1714	1675
PD6629as	1799	2388	1487	1501	1762	1623	1791	1779	1779	1733	1823	2760	1775	1727	1565	0	2930	2381	2801	2796	2836	1877	2845	2886	2302	2698	1924	2002	2276	3266	1914	2831	2291	2800	2760	1868	2668	1894	3080	2725	3210	1738	3256	2031	2830	2696	2854	2400	2912	2407	1635	1909	2570	2606	1739	1645	1689	1843	1754
PD6629db_lo0001	2871	2786	2937	2817	2850	2911	3107	2865	2953	3013	2909	3012	2891	2931	2861	2930	0	3173	2995	3168	3018	3171	3017	2632	3516	3742	2980	3306	3084	3462	3002	2679	3709	2360	2952	2960	3040	3054	3330	3037	3674	3048	3594	3119	2558	3766	3236	3488	2812	2597	2939	2993	2774	2336	2849	2947	2957	2955	2930
PD6629db_lo0002	2368	2915	2386	2244	2341	2350	2512	2356	2428	2462	2404	3289	2374	2346	2260	2381	3173	0	3294	3337	3309	2602	3310	3133	2971	3233	2493	2737	2691	3743	2491	3104	3142	3067	3241	2461	3201	2317	3579	3224	3715	2483	3733	2584	3053	3213	3383	2915	3243	2882	2352	2472	3051	2877	2336	2370	2390	2410	2325
PD6629db_lo0003	2746	2625	2818	2656	2711	2774	2948	2730	2810	2874	2770	2859	2724	2780	2702	2801	2995	3294	0	3047	2565	3050	2664	2959	3383	3573	2873	3157	3185	3313	2867	2874	3600	2825	2583	2831	2903	2921	3197	2880	3519	2921	3429	2972	2863	3655	3101	3339	2813	2236	2762	2854	2489	2653	2728	2784	2806	2820	2771
PD6629db_lo0005	2769	2250	2837	2673	2732	2795	2983	2753	2851	2871	2785	2996	2745	2789	2705	2796	3168	3337	3047	0	3076	3063	3081	3124	3426	3620	2894	3174	3194	3468	2846	3065	3593	3060	2976	2838	2532	2922	3318	2953	3534	2902	3486	2947	3040	3656	2992	3326	3134	2663	2779	2861	2834	2832	2715	2819	2815	2841	2784
PD6629db_lo0006	2789	2694	2849	2719	2756	2837	3019	2791	2883	2919	2839	2904	2791	2829	2759	2836	3018	3309	2565	3076	0	3091	2723	2948	3438	3636	2908	3222	3228	3362	2934	2929	3611	2868	2628	2884	2940	2968	3236	2913	3584	2968	3484	3011	2912	3722	3122	3386	2870	2285	2837	2899	2526	2684	2781	2855	2871	2871	2820
PD6629db_lo0007	2058	2653	1916	1790	2045	1898	2088	2042	2040	1954	2060	3025	2058	1972	1822	1877	3171	2602	3050	3063	3091	0	3096	3143	2545	2895	2187	2277	2521	3447	2163	3076	2696	3061	3015	2153	2915	2163	3339	2986	3425	1939	3465	2278	3069	2953	3105	2643	3159	2660	1910	2182	2823	2855	2032	1940	1952	2102	2021
PD6629db_lo0008	2780	2691	2848	2708	2761	2828	3002	2784	2912	2924	2838	2909	2784	2824	2768	2845	3017	3310	2664	3081	2723	3096	0	2989	3439	3623	2907	3215	3197	3345	2915	2914	3640	2865	2533	2869	2957	2961	3223	2910	3577	2957	3477	3008	2907	3711	3133	3385	2871	1912	2834	2888	2513	2679	2778	2852	2884	2872	2811
PD6629db_lo0009	2799	2734	2891	2755	2810	2845	3017	2803	2897	2955	2857	2956	2797	2845	2799	2886	2632	3133	2959	3124	2948	3143	2989	0	3470	3712	2928	3234	3008	3434	2952	2639	3619	2488	2902	2912	2964	2996	3288	2969	3622	2990	3562	3049	2526	3740	3180	3390	2698	2557	2853	2911	2704	2208	2787	2859	2887	2887	2854
PD6629db_lo0011	2433	3018	2293	2069	2412	2181	2361	2403	2399	2363	2455	3378	2417	2365	2137	2302	3516	2971	3383	3426	3438	2545	3439	3470	0	3228	2544	2558	2878	3798	2536	3421	3039	3412	3346	2502	3276	2524	3666	3309	3778	2394	3802	2627	3386	3242	3452	2980	3510	3025	2201	2525	3188	3188	2393	2227	2249	2433	2398
PD6629db_lo0012	2657	3216	2693	2561	2500	2659	2851	2511	2693	2767	2641	3578	2629	2645	2605	2698	3742	3233	3573	3620	3636	2895	3623	3712	3228	0	2682	3026	3052	4030	2750	3637	3415	3588	3558	2708	3490	2782	3896	3519	3944	2774	3980	2827	3632	3514	3630	3182	3694	3229	2681	2721	3330	3410	2543	2689	2709	2699	2698
PD6629db_lo0013	1863	2440	1929	1785	1788	1901	2083	1793	1957	2025	1925	2836	1855	1909	1823	1924	2980	2493	2873	2894	2908	2187	2907	2928	2544	2682	0	2294	2318	3286	2002	2883	2717	2870	2822	1948	2720	2020	3142	2781	3256	2038	3276	2081	2890	2824	2916	2480	2970	2489	1901	1979	2616	2654	1807	1915	1937	1951	1880
PD6629db_lo0014	2183	2782	2053	1451	2140	1589	1737	2167	2157	2123	2207	3142	2143	2117	1537	2002	3306	2737	3157	3174	3222	2277	3215	3234	2558	3026	2294	0	2636	3626	2276	3205	2849	3146	3118	2274	3020	2240	3434	3069	3554	2138	3572	2361	3194	3064	3218	2746	3290	2775	1619	2261	2924	2962	2139	1635	1641	2173	2140
PD6629db_lo0015	2265	2812	2301	2151	2184	2261	2407	2205	2321	2349	2249	3204	2227	2249	2179	2276	3084	2691	3185	3194	3228	2521	3197	3008	2878	3052	2318	2636	0	3638	2346	2741	3047	2958	3148	2298	3084	2394	3508	3137	3586	2382	3624	2215	2968	3132	3260	2822	3144	2803	2265	2335	2956	2748	2203	2277	2291	2323	2238
PD6629db_lo0016	3183	3054	3269	3133	3140	3227	3397	3177	3259	3305	3221	2964	3157	3215	3159	3266	3462	3743	3313	3468	3362	3447	3345	3434	3798	4030	3286	3626	3638	0	3288	3409	3997	3314	3292	3272	3334	3362	3274	3321	3942	3346	3846	3403	3366	4106	3494	3740	3434	2959	3229	3283	3084	3138	3167	3269	3273	3239	3222
PD6629db_lo0017	1889	2442	1933	1791	1850	1909	2077	1859	1983	1991	1725	2834	1847	1931	1837	1914	3002	2491	2867	2846	2934	2163	2915	2952	2536	2750	2002	2276	2346	3288	0	2903	2729	2874	2832	1788	2714	2030	3162	2775	3284	2024	3312	2099	2910	2820	2912	2472	2978	2489	1895	1905	2624	2670	1849	1911	1945	1957	1904
PD6629db_lo0018	2776	2669	2840	2704	2763	2800	2986	2770	2880	2918	2808	2893	2760	2806	2752	2831	2679	3104	2874	3065	2929	3076	2914	2639	3421	3637	2883	3205	2741	3409	2903	0	3610	2549	2851	2871	2921	2947	3221	2908	3575	2951	3457	2980	2557	3723	3135	3379	2777	2480	2826	2874	2627	2357	2734	2832	2852	2846	2825
PD6629db_lo0019	2622	3191	2218	2364	2599	2476	2642	2586	2608	2524	2648	3573	2582	2558	2402	2291	3709	3142	3600	3593	3611	2696	3640	3619	3039	3415	2717	2849	3047	3997	2729	3610	0	3601	3537	2699	3419	2705	3863	3550	3943	2559	3999	2804	3599	3455	3611	3199	3699	3204	2472	2714	3353	3377	2568	2494	2516	2648	2587
PD6629db_lo0020	2741	2636	2815	2669	2718	2781	2961	2731	2831	2875	2759	2854	2737	2773	2701	2800	2360	3067	2825	3060	2868	3061	2865	2488	3412	3588	2870	3146	2958	3314	2874	2549	3601	0	2838	2820	2862	2938	3162	2843	3550	2908	3448	2973	2422	3652	3090	3368	2650	2447	2767	2841	2614	2168	2705	2773	2815	2811	2792
PD6629db_lo0022	2703	2592	2781	2645	2696	2739	2893	2705	2789	2817	2735	2826	2691	2733	2673	2760	2952	3241	2583	2976	2628	3015	2533	2902	3346	3558	2822	3118	3148	3292	2832	2851	3537	2838	0	2796	2884	2868	3146	2841	3518	2870	3406	2913	2846	3644	3088	3324	2788	2087	2751	2799	2472	2632	2693	2779	2795	2785	2720
PD6629db_lo0023	1851	2414	1903	1737	1792	1859	2049	1817	1933	1947	1693	2802	1815	1881	1793	1868	2960	2461	2831	2838	2884	2153	2869	2912	2502	2708	1948	2274	2298	3272	1788	2871	2699	2820	2796	0	2684	1996	3098	2749	3246	1994	3270	2073	2862	2780	2894	2450	2954	2453	1873	1885	2606	2632	1795	1879	1913	1909	1880
PD6629db_lo0024	2603	2138	2673	2519	2594	2643	2793	2613	2699	2735	2645	2846	2595	2645	2569	2668	3040	3201	2903	2532	2940	2915	2957	2964	3276	3490	2720	3020	3084	3334	2714	2921	3419	2862	2884	2684	0	2760	3164	2811	3426	2764	3320	2831	2904	3548	2872	3200	3020	2511	2641	2665	2666	2706	2585	2667	2681	2689	2616
PD6629db_lo0025	1923	2506	1941	1749	1872	1885	2059	1907	1951	1991	1943	2876	1897	1899	1819	1894	3054	2317	2921	2922	2968	2163	2961	2996	2524	2782	2020	2240	2394	3362	2030	2947	2705	2938	2868	1996	2760	0	3194	2845	3308	2004	3332	2123	2934	2796	2960	2506	3030	2529	1895	2029	2686	2708	1859	1881	1907	1949	1858
PD6629db_lo0026	3035	2900	3093	2957	2992	3073	3245	3029	3115	3159	3059	2816	3027	3067	2997	3080	3330	3579	3197	3318	3236	3339	3223	3288	3666	3896	3142	3434	3508	3274	3162	3221	3863	3162	3146	3098	3164	3194	0	3157	3830	3200	3726	3249	3228	3934	3340	3630	3308	2787	3073	3119	2970	2986	2997	3103	3127	3107	3062
PD6629db_lo0027	2668	2545	2754	2598	2641	2714	2880	2672	2776	2814	2688	2843	2650	2710	2648	2725	3037	3224	2880	2953	2913	2986	2910	2969	3309	3519	2781	3069	3137	3321	2775	2908	3550	2843	2841	2749	2811	2845	3157	0	3465	2841	3377	2878	2903	3607	2989	3285	2983	2488	2712	2764	2635	2677	2636	2730	2750	2762	2701
PD6629db_lo0028	3153	3176	3225	3081	3144	3151	3337	3133	3243	3271	3211	3528	3125	3185	3111	3210	3674	3715	3519	3534	3584	3425	3577	3622	3778	3944	3256	3554	3586	3942	3284	3575	3943	3550	3518	3246	3426	3308	3830	3465	0	3296	3908	3379	3538	4032	3578	3730	3638	3175	3183	3207	3314	3344	3121	3181	3221	3221	3188
PD6629db_lo0029	1903	2490	1773	1639	1890	1755	1927	1911	1901	1819	1945	2894	1893	1833	1681	1738	3048	2483	2921	2902	2968	1939	2957	2990	2394	2774	2038	2138	2382	3346	2024	2951	2559	2908	2870	1994	2764	2004	3200	2841	3296	0	3368	2153	2934	2830	2960	2512	3032	2531	1753	2007	2672	2716	1855	1777	1783	1949	1886
PD6629db_lo0030	3169	3074	3277	3123	3158	3215	3395	3185	3303	3327	3211	3412	3179	3259	3185	3256	3594	3733	3429	3486	3484	3465	3477	3562	3802	3980	3276	3572	3624	3846	3312	3457	3999	3448	3406	3270	3320	3332	3726	3377	3908	3368	0	3387	3470	4062	3530	3794	3572	3065	3213	3299	3212	3242	3187	3261	3279	3283	3200
PD6629db_lo0031	2004	2549	2058	1892	1925	2014	2172	1966	2066	2108	2006	2941	1970	2024	1940	2031	3119	2584	2972	2947	3011	2278	3008	3049	2627	2827	2081	2361	2215	3403	2099	2980	2804	2973	2913	2073	2831	2123	3249	2878	3379	2153	3387	0	2973	2935	2989	2599	3083	2586	2000	2086	2753	2771	1946	2012	2048	2038	2005
PD6629db_lo0032	2779	2648	2861	2697	2752	2805	2987	2755	2859	2919	2807	2882	2747	2803	2741	2830	2558	3053	2863	3040	2912	3069	2907	2526	3386	3632	2890	3194	2968	3366	2910	2557	3599	2422	2846	2862	2904	2934	3228	2903	3538	2934	3470	2973	0	3690	3142	3374	2694	2497	2819	2871	2652	2232	2737	2841	2863	2843	2792
PD6629db_lo0033	2745	3254	2721	2575	2704	2701	2857	2709	2745	2791	2745	3692	2707	2665	2607	2696	3766	3213	3655	3656	3722	2953	3711	3740	3242	3514	2824	3064	3132	4106	2820	3723	3455	3652	3644	2780	3548	2796	3934	3607	4032	2830	4062	2935	3690	0	3690	3250	3760	3319	2683	2817	3452	3472	2685	2711	2729	2733	2336
PD6629db_lo0035	2787	2630	2863	2747	2774	2843	3031	2815	2901	2931	2855	3052	2807	2849	2793	2854	3236	3383	3101	2992	3122	3105	3133	3180	3452	3630	2916	3218	3260	3494	2912	3135	3611	3090	3088	2894	2872	2960	3340	2989	3578	2960	3530	2989	3142	3690	0	3402	3208	2705	2825	2919	2868	2906	2767	2857	2885	2875	2816
PD6629db_lo0036	2381	2946	2421	2285	2324	2383	2559	2361	2465	2457	2417	3316	2367	2385	2317	2400	3488	2915	3339	3326	3386	2643	3385	3390	2980	3182	2480	2746	2822	3740	2472	3379	3199	3368	3324	2450	3200	2506	3630	3285	3730	2512	3794	2599	3374	3250	3402	0	3418	2981	2377	2481	3118	3142	2347	2427	2401	1811	2368
PD6629j	2845	2752	2919	2789	2824	2899	3075	2833	2951	2993	2887	2966	2849	2889	2817	2912	2812	3243	2813	3134	2870	3159	2871	2698	3510	3694	2970	3290	3144	3434	2978	2777	3699	2650	2788	2954	3020	3030	3308	2983	3638	3032	3572	3083	2694	3760	3208	3418	0	2421	2911	2959	2000	1744	2853	2909	2953	2933	2874
PD6629k	2344	2243	2404	2290	2323	2386	2562	2342	2432	2490	2404	2475	2354	2376	2328	2407	2597	2882	2236	2663	2285	2660	1912	2557	3025	3229	2489	2775	2803	2959	2489	2480	3204	2447	2087	2453	2511	2529	2787	2488	3175	2531	3065	2586	2497	3319	2705	2981	2421	0	2392	2470	2081	2259	2306	2430	2440	2440	2371
PD6629n	1784	2363	1656	1054	1745	1102	1380	1776	1760	1738	1816	2731	1774	1732	1094	1635	2939	2352	2762	2779	2837	1910	2834	2853	2201	2681	1901	1619	2265	3229	1895	2826	2472	2767	2751	1873	2641	1895	3073	2712	3183	1753	3213	2000	2819	2683	2825	2377	2911	2392	0	1876	2555	2597	1748	1138	1224	1778	1733
PD6629o	1872	2435	1928	1766	1827	1886	2060	1842	1950	1972	1816	2837	1846	1894	1816	1909	2993	2472	2854	2861	2899	2182	2888	2911	2525	2721	1979	2261	2335	3283	1905	2874	2714	2841	2799	1885	2665	2029	3119	2764	3207	2007	3299	2086	2871	2817	2919	2481	2959	2470	1876	0	2603	2637	1834	1904	1930	1930	1859
PD6629p	2511	2404	2585	2439	2474	2545	2709	2513	2603	2641	2553	2622	2491	2523	2479	2570	2774	3051	2489	2834	2526	2823	2513	2704	3188	3330	2616	2924	2956	3084	2624	2627	3353	2614	2472	2606	2666	2686	2970	2635	3314	2672	3212	2753	2652	3452	2868	3118	2000	2081	2555	2603	0	2366	2499	2551	2597	2595	2530
PD6629r	2529	2430	2607	2463	2500	2575	2765	2523	2639	2681	2573	2658	2529	2569	2501	2606	2336	2877	2653	2832	2684	2855	2679	2208	3188	3410	2654	2962	2748	3138	2670	2357	3377	2168	2632	2632	2706	2708	2986	2677	3344	2716	3242	2771	2232	3472	2906	3142	1744	2259	2597	2637	2366	0	2517	2599	2631	2607	2574
PD6629u	1736	2315	1782	1640	1625	1736	1928	1636	1810	1842	1756	2681	1710	1768	1692	1739	2849	2336	2728	2715	2781	2032	2778	2787	2393	2543	1807	2139	2203	3167	1849	2734	2568	2705	2693	1795	2585	1859	2997	2636	3121	1855	3187	1946	2737	2685	2767	2347	2853	2306	1748	1834	2499	2517	0	1768	1786	1786	1741
PD6629v	1798	2377	1662	1062	1773	1144	1388	1784	1802	1750	1822	2765	1794	1740	1130	1645	2947	2370	2784	2819	2855	1940	2852	2859	2227	2689	1915	1635	2277	3269	1911	2832	2494	2773	2779	1879	2667	1881	3103	2730	3181	1777	3261	2012	2841	2711	2857	2427	2909	2430	1138	1904	2551	2599	1768	0	1234	1802	1765
PD6629w	1822	2423	1686	1106	1785	1216	1416	1812	1808	1758	1866	2807	1808	1758	1152	1689	2957	2390	2806	2815	2871	1952	2884	2887	2249	2709	1937	1641	2291	3273	1945	2852	2516	2815	2795	1913	2681	1907	3127	2750	3221	1783	3279	2048	2863	2729	2885	2401	2953	2440	1224	1930	2597	2631	1786	1234	0	1798	1781
PD6629x	1828	2405	1862	1680	1797	1772	1950	1802	1892	1918	1868	2791	1804	1840	1714	1843	2955	2410	2820	2841	2871	2102	2872	2887	2433	2699	1951	2173	2323	3239	1957	2846	2648	2811	2785	1909	2689	1949	3107	2762	3221	1949	3283	2038	2843	2733	2875	1811	2933	2440	1778	1930	2595	2607	1786	1802	1798	0	1815
PD6629y	1777	2358	1767	1637	1746	1739	1901	1771	1803	1825	1799	2740	1779	1739	1675	1754	2930	2325	2771	2784	2820	2021	2811	2854	2398	2698	1880	2140	2238	3222	1904	2825	2587	2792	2720	1880	2616	1858	3062	2701	3188	1886	3200	2005	2792	2336	2816	2368	2874	2371	1733	1859	2530	2574	1741	1765	1781	1815	0
