	PD5147c_lo003	PD5147c_lo004	PD5147c_lo006	PD5147c_lo009	PD5147c_lo010	PD5147c_lo011	PD5147c_lo012	PD5147c_lo013	PD5147c_lo017	PD5147c_lo018	PD5147c_lo024	PD5147c_lo028	PD5147c_lo032	PD5147c_lo041	PD5147c_lo042	PD5147c_lo043	PD5147c_lo044	PD5147c_lo045	PD5147c_lo047	PD5147c_lo048	PD5147c_lo049	PD5147c_lo050	PD5147c_lo051	PD5147c_lo052	PD5147c_lo053	PD5147c_lo054	PD5147c_lo055	PD5147c_lo056	PD5147c_lo057	PD5147c_lo058	PD5147c_lo059	PD5147c_lo060	PD5147c_lo061	PD5147c_lo062	PD5147c_lo063	PD5147c_lo064	PD5147c_lo065	PD5147c_lo066	PD5147c_lo067	PD5147c_lo068	PD5147c_lo069	PD5147c_lo070	PD5147c_lo071	PD5147c_lo072	PD5147c_lo073	PD5147c_lo074	PD5147c_lo075	PD5147c_lo076	PD5147c_lo077	PD5147c_lo078	PD5147c_lo079	PD5147c_lo080	PD5147c_lo081	PD5147c_lo082	PD5147c_lo083	PD5147c_lo084	PD5147c_lo085	PD5147c_lo086	PD5147c_lo087	PD5147c_lo088	PD5147c_lo089	PD5147c_lo090	PD5147c_lo091	PD5147c_lo092	PD5147c_lo093	PD5147c_lo094
PD5147c_lo003	0	2835	2899	3044	2897	3096	2984	2714	2864	2953	3137	2996	2182	3028	3387	3127	3200	3207	3203	3012	3282	3198	3088	3274	2923	2581	2551	3445	3198	3226	3464	3160	3383	2509	3113	3214	3209	3177	3209	3282	3098	2969	3101	3225	3201	3355	3193	3347	3363	3102	3256	2571	3162	3270	3109	3042	3373	3246	3306	3148	3464	3283	2945	3197	3244	3331
PD5147c_lo004	2835	0	2430	2601	2450	2675	2489	2301	2399	2454	2650	2579	2449	2877	2918	2720	2691	2804	2796	2605	2875	2963	2641	2867	2826	2856	2818	2984	2835	2997	3027	2841	2976	2742	2692	2761	2760	2744	2828	2813	2743	2614	2660	2760	2680	2918	2758	2978	2894	2657	2857	2858	2843	2863	2668	2575	3044	2771	2891	2857	3033	2884	2686	2738	2751	2896
PD5147c_lo006	2899	2430	0	2587	2506	2721	2225	2355	2411	2164	2734	2633	2469	2915	2600	2770	2791	2840	2866	2681	2915	2983	2143	2899	2872	2908	2876	2836	2859	3111	2529	2889	3048	2766	2684	2763	2760	2726	2896	2815	2783	2666	2646	2758	2814	2908	2766	2940	2910	2689	2935	2884	2901	2875	2548	2569	3050	2639	2883	2905	3077	2934	2748	2734	2839	2902
PD5147c_lo009	3044	2601	2587	0	2649	2862	2632	2506	2528	2605	2863	2756	2614	3022	3041	2883	2902	2981	2991	2810	3052	3104	2772	3010	2983	3025	2995	3129	3010	3206	3152	3014	3153	2903	2777	2878	2887	2907	3007	2960	2922	2805	2791	2963	2955	3057	2911	2827	3059	2820	3034	3033	3030	3008	2811	2696	3121	2884	3016	3028	3180	3071	2855	2871	2976	2987
PD5147c_lo010	2897	2450	2506	2649	0	2711	2575	2353	2491	2544	2730	2631	2489	2921	2964	2764	2813	2836	2868	2667	2927	2987	2719	2827	2856	2910	2874	3052	2887	3083	3099	2865	3000	2768	2746	2825	2836	2806	2798	2883	2779	2658	2710	2844	2798	2970	2830	3030	2988	2723	2923	2906	2871	2929	2738	2641	3052	2827	2945	2895	2985	2922	2714	2810	2873	2976
PD5147c_lo011	3096	2675	2721	2862	2711	0	2766	2552	2692	2705	2949	2814	2690	3120	3165	2957	3018	3043	3059	2884	3110	3182	2910	3044	3049	3077	3069	3225	3060	3314	3268	3076	3169	2969	2953	3028	3033	3023	3091	3090	2956	2857	2933	3085	3017	3177	3019	3225	3195	2926	3070	3085	3084	3128	2917	2846	3257	3038	3140	3110	3164	3117	2935	3005	3050	3175
PD5147c_lo012	2984	2489	2225	2632	2575	2766	0	2422	2486	2203	2779	2702	2542	3004	2615	2825	2844	2905	2935	2740	2964	3058	2420	2984	2931	2975	2949	2915	2928	3150	2812	2942	3085	2839	2731	2814	2813	2805	2933	2876	2874	2713	2695	2809	2875	2967	2829	2989	2987	2736	2972	2985	2962	2948	2589	2632	3109	2682	2928	2954	3132	2985	2815	2791	2904	2927
PD5147c_lo013	2714	2301	2355	2506	2353	2552	2422	0	2344	2379	2583	2364	2304	2724	2821	2395	2650	2569	2649	2478	2558	2804	2568	2760	2689	2687	2669	2889	2682	2928	2946	2728	2887	2577	2573	2684	2693	2653	2737	2748	2574	2291	2575	2711	2675	2829	2675	2865	2845	2558	2716	2709	2636	2780	2597	2492	2877	2686	2790	2738	2898	2673	2547	2643	2718	2825
PD5147c_lo017	2864	2399	2411	2528	2491	2692	2486	2344	0	2421	2677	2608	2450	2906	2879	2733	2768	2833	2829	2674	2902	2990	2608	2894	2851	2879	2857	2925	2876	3072	3006	2876	3037	2743	2661	2532	2565	2719	2867	2664	2756	2635	2637	2787	2775	2755	2715	2929	2703	2674	2922	2901	2890	2852	2641	2540	3051	2734	2852	2876	3062	2925	2687	2693	2820	2861
PD5147c_lo018	2953	2454	2164	2605	2544	2705	2203	2379	2421	0	2762	2665	2519	2945	2586	2766	2797	2840	2886	2677	2941	3023	2365	2935	2888	2930	2916	2844	2909	3123	2765	2909	3078	2798	2696	2773	2766	2764	2912	2835	2813	2672	2670	2770	2852	2920	2780	2970	2944	2709	2965	2936	2907	2889	2544	2585	3070	2653	2905	2931	3085	2950	2760	2764	2867	2932
PD5147c_lo024	3137	2650	2734	2863	2730	2949	2779	2583	2677	2762	0	2845	2709	3167	3216	3002	3007	3088	3094	2927	3165	3253	2931	3165	3102	3150	3104	3270	3125	3339	3323	3135	3298	3014	2970	3075	3078	3042	3120	3125	3005	2874	2964	3076	3032	3210	3064	3270	3216	2947	3169	3146	3123	3179	2956	2869	3334	3061	3187	3145	3311	3172	2948	3024	3079	3186
PD5147c_lo028	2996	2579	2633	2756	2631	2814	2702	2364	2608	2665	2845	0	2568	3018	3083	2763	2918	2557	2931	2758	2928	3090	2806	3016	2943	2967	2957	3159	2978	3192	3208	2976	3149	2841	2867	2930	2935	2911	2977	2986	2842	2639	2851	2957	2939	3085	2943	3141	3103	2818	2974	3001	2606	3042	2837	2768	3157	2954	3062	2980	3186	2517	2843	2885	2990	3065
PD5147c_lo032	2182	2449	2469	2614	2489	2690	2542	2304	2450	2519	2709	2568	0	2616	2941	2713	2762	2801	2785	2602	2862	2798	2672	2876	2501	2119	2183	3009	2804	2800	3016	2726	3011	2107	2679	2800	2793	2745	2825	2864	2742	2547	2711	2805	2795	2935	2767	2919	2963	2702	2858	2115	2756	2864	2695	2602	2983	2798	2910	2736	3016	2871	2547	2759	2866	2939
PD5147c_lo041	3028	2877	2915	3022	2921	3120	3004	2724	2906	2945	3167	3018	2616	0	3377	3121	3196	3219	3221	3038	3294	3222	3092	3298	3049	2995	2951	3387	3234	3370	3470	3162	3419	2857	3133	3210	3205	3209	3257	3258	3146	3017	3113	3217	3205	3359	3225	3385	3371	3110	3264	2973	3226	3276	3125	3050	3447	3240	3338	3154	3466	3297	2951	3203	3272	3321
PD5147c_lo042	3387	2918	2600	3041	2964	3165	2615	2821	2879	2586	3216	3083	2941	3377	0	3220	3245	3302	3344	3151	3395	3451	2799	3373	3326	3356	3354	3288	3319	3573	3193	3337	3474	3226	3156	3207	3226	3188	3352	3245	3233	3096	3108	3200	3258	3348	3190	3384	3374	3147	3395	3386	3333	3341	2982	3013	3514	3083	3297	3381	3481	3374	3208	3174	3281	3346
PD5147c_lo043	3127	2720	2770	2883	2764	2957	2825	2395	2733	2766	3002	2763	2713	3121	3220	0	3013	2964	3054	2883	2671	3187	2949	3139	3048	3116	3070	3300	3081	3333	3335	3089	3258	2962	3014	3063	3086	3042	3112	3119	2981	2336	2954	3102	3066	3222	3064	3260	3232	2957	3093	3116	2991	3153	2988	2897	3274	3081	3171	3113	3289	3052	2932	3024	3077	3212
PD5147c_lo044	3200	2691	2791	2902	2813	3018	2844	2650	2768	2797	3007	2918	2762	3196	3245	3013	0	3139	3161	2988	3214	3276	2978	3214	3141	3171	3141	3321	3176	3318	3368	3168	3319	3035	3013	3110	3083	3083	3147	3156	3066	2943	3003	3079	3035	3245	3099	3289	3261	3004	3202	3167	3204	3242	3019	2926	3357	3106	3216	3186	3350	3209	3021	3087	3094	3231
PD5147c_lo045	3207	2804	2840	2981	2836	3043	2905	2569	2833	2840	3088	2557	2801	3219	3302	2964	3139	0	3146	2961	3141	3287	3015	3227	3140	3180	3156	3346	3131	3401	3421	3179	3362	3054	3068	3151	3172	3104	3198	3197	3055	2874	3050	3164	3126	3256	3148	3332	3304	3019	3199	3206	2687	3253	3058	2975	3366	3159	3255	3173	3381	2854	3026	3118	3191	3296
PD5147c_lo047	3203	2796	2866	2991	2868	3059	2935	2649	2829	2886	3094	2931	2785	3221	3344	3054	3161	3146	0	2961	3215	3309	3065	3265	3168	3194	3144	3382	3095	3427	3459	3213	3352	3074	3096	3189	3174	3148	3206	3223	3039	2960	3074	3190	3170	3286	3188	3382	3310	3065	3111	3220	3163	3273	3098	3005	3360	3179	3295	3219	3401	3216	3028	3148	3187	3290
PD5147c_lo048	3012	2605	2681	2810	2667	2884	2740	2478	2674	2677	2927	2758	2602	3038	3151	2883	2988	2961	2961	0	3024	3126	2874	3068	2977	3005	2965	3197	2960	3218	3258	3008	3163	2865	2909	2982	2985	2959	3025	3074	2818	2797	2889	3003	2955	3121	2983	3187	3163	2906	2988	2993	3016	3096	2893	2802	3159	2974	3134	3010	3206	3057	2839	2941	3018	3145
PD5147c_lo049	3282	2875	2915	3052	2927	3110	2964	2558	2902	2941	3165	2928	2862	3294	3395	2671	3214	3141	3215	3024	0	3228	3082	3334	3197	3249	3241	3449	3218	3476	3490	3254	3441	3143	3159	3236	3257	3235	3291	3294	3140	2563	3097	3247	3225	3391	3237	3405	3385	3118	3282	3287	3174	3322	3131	3050	3433	3236	3358	3276	3452	3233	3093	3207	3282	3373
PD5147c_lo050	3198	2963	2983	3104	2987	3182	3058	2804	2990	3023	3253	3090	2798	3222	3451	3187	3276	3287	3309	3126	3228	0	3180	3372	3007	3187	3153	3505	3308	3508	3554	3270	3485	3063	3215	3266	3299	3285	3331	3368	3206	3117	3203	3289	3277	3443	3309	3475	3459	3192	3358	3183	3342	3186	3201	3108	3517	3298	3414	3118	3514	3383	2921	3267	3344	3405
PD5147c_lo051	3088	2641	2143	2772	2719	2910	2420	2568	2608	2365	2931	2806	2672	3092	2799	2949	2978	3015	3065	2874	3082	3180	0	3104	3053	3117	3051	3047	3050	3298	2620	3080	3235	2969	2867	2948	2953	2941	3085	3012	2978	2819	2845	2923	2995	3093	2943	3129	3115	2880	3120	3101	3070	3050	2735	2740	3261	2826	3044	3118	3248	3115	2907	2905	3046	3073
PD5147c_lo052	3274	2867	2899	3010	2827	3044	2984	2760	2894	2935	3165	3016	2876	3298	3373	3139	3214	3227	3265	3068	3334	3372	3104	0	3229	3271	3223	3443	3256	3488	3510	3290	3159	3135	3149	3220	3261	3207	3295	3288	3178	3053	3119	3205	3211	3377	3239	3417	3403	3136	3300	3265	3278	3336	3105	3044	3445	3220	3366	3296	2828	3317	3115	3195	3264	3361
PD5147c_lo053	2923	2826	2872	2983	2856	3049	2931	2689	2851	2888	3102	2943	2501	3049	3326	3048	3141	3140	3168	2977	3197	3007	3053	3229	0	2892	2858	3386	3191	3301	3411	3133	3346	2692	3072	3157	3168	3132	3188	3215	3063	2942	3086	3168	3152	3304	3168	3332	3328	3051	3215	2880	3151	3131	3070	3005	3348	3207	3287	2983	3379	3238	2794	3150	3199	3304
PD5147c_lo054	2581	2856	2908	3025	2910	3077	2975	2687	2879	2930	3150	2967	2119	2995	3356	3116	3171	3180	3194	3005	3249	3187	3117	3271	2892	0	2570	3434	3219	3209	3447	3135	3392	2500	3098	3201	3212	3158	3212	3253	3123	2964	3124	3222	3208	3338	3182	3324	3338	3101	3269	2504	3159	3241	3102	3023	3390	3233	3331	3137	3413	3260	2952	3186	3261	3320
PD5147c_lo055	2551	2818	2876	2995	2874	3069	2949	2669	2857	2916	3104	2957	2183	2951	3354	3070	3141	3156	3144	2965	3241	3153	3051	3223	2858	2570	0	3370	3173	3177	3395	3111	3376	2474	3080	3161	3172	3158	3182	3225	3085	2944	3086	3176	3150	3314	3160	3286	3332	3075	3217	2562	3121	3241	3054	2989	3350	3199	3279	3103	3399	3244	2948	3144	3205	3290
PD5147c_lo056	3445	2984	2836	3129	3052	3225	2915	2889	2925	2844	3270	3159	3009	3387	3288	3300	3321	3346	3382	3197	3449	3505	3047	3443	3386	3434	3370	0	3401	3611	3425	3409	3540	3290	3200	3293	3282	3262	3404	3341	3307	3194	3198	3238	3334	3398	3268	3466	3424	3207	3455	3432	3435	3399	2992	3065	3594	3133	3381	3431	3601	3446	3256	3240	3377	3438
PD5147c_lo057	3198	2835	2859	3010	2887	3060	2928	2682	2876	2909	3125	2978	2804	3234	3319	3081	3176	3131	3095	2960	3218	3308	3050	3256	3191	3219	3173	3401	0	3456	3448	3214	3369	3081	3105	3156	3215	3175	3213	3226	3088	2969	3079	3221	3179	3311	3175	3393	3337	3078	3146	3215	3208	3296	3095	3008	3351	3186	3314	3230	3428	3257	3059	3159	3220	3349
PD5147c_lo058	3226	2997	3111	3206	3083	3314	3150	2928	3072	3123	3339	3192	2800	3370	3573	3333	3318	3401	3427	3218	3476	3508	3298	3488	3301	3209	3177	3611	3456	0	3634	3422	3599	3097	3311	3392	3421	3379	3465	3438	3306	3221	3307	3351	3297	3547	3411	3559	3581	3292	3462	3139	3456	3484	3311	3208	3633	3424	3514	3414	3652	3503	3245	3375	3386	3529
PD5147c_lo059	3464	3027	2529	3152	3099	3268	2812	2946	3006	2765	3323	3208	3016	3470	3193	3335	3368	3421	3459	3258	3490	3554	2620	3510	3411	3447	3395	3425	3448	3634	0	3444	3633	3287	3263	3356	3321	3329	3459	3392	3362	3219	3227	3311	3389	3443	3323	3499	3481	3258	3488	3423	3458	3434	3111	3144	3627	3204	3442	3464	3634	3507	3297	3291	3422	3453
PD5147c_lo060	3160	2841	2889	3014	2865	3076	2942	2728	2876	2909	3135	2976	2726	3162	3337	3089	3168	3179	3213	3008	3254	3270	3080	3290	3133	3135	3111	3409	3214	3422	3444	0	3395	3033	3125	3208	3211	3201	3243	3272	3128	3003	3111	3211	3211	3355	3193	3397	3363	3100	3262	3139	3186	3244	3099	3022	3431	3200	3318	3166	3424	3255	2983	3179	3230	3337
PD5147c_lo061	3383	2976	3048	3153	3000	3169	3085	2887	3037	3078	3298	3149	3011	3419	3474	3258	3319	3362	3352	3163	3441	3485	3235	3159	3346	3392	3376	3540	3369	3599	3633	3395	0	3270	3272	3349	3334	3332	3398	3415	3289	3188	3246	3372	3324	3490	3360	3552	3502	3235	3419	3386	3381	3455	3246	3171	3608	3339	3467	3413	3271	3468	3242	3332	3365	3484
PD5147c_lo062	2509	2742	2766	2903	2768	2969	2839	2577	2743	2798	3014	2841	2107	2857	3226	2962	3035	3054	3074	2865	3143	3063	2969	3135	2692	2500	2474	3290	3081	3097	3287	3033	3270	0	2978	3073	3076	3040	3076	3135	2963	2830	2972	3078	3088	3204	3056	3212	3236	2981	3143	2506	3029	3135	2966	2915	3256	3091	3189	2969	3299	3136	2812	3054	3131	3198
PD5147c_lo063	3113	2692	2684	2777	2746	2953	2731	2573	2661	2696	2970	2867	2679	3133	3156	3014	3013	3068	3096	2909	3159	3215	2867	3149	3072	3098	3080	3200	3105	3311	3263	3125	3272	2978	0	2981	2982	2972	3118	3037	3017	2894	2874	3066	3024	3136	2996	3146	3154	2909	3147	3114	3131	3099	2886	2807	3286	2995	3093	3127	3299	3150	2934	2952	3083	3046
PD5147c_lo064	3214	2761	2763	2878	2825	3028	2814	2684	2532	2773	3075	2930	2800	3210	3207	3063	3110	3151	3189	2982	3236	3266	2948	3220	3157	3201	3161	3293	3156	3392	3356	3208	3349	3073	2981	0	2903	3049	3187	3018	3082	2975	2941	3129	3119	3101	3053	3273	3029	3010	3172	3217	3178	3170	2961	2878	3349	3066	3186	3208	3374	3235	3025	3047	3170	3217
PD5147c_lo065	3209	2760	2760	2887	2836	3033	2813	2693	2565	2766	3078	2935	2793	3205	3226	3086	3083	3172	3174	2985	3257	3299	2953	3261	3168	3212	3172	3282	3215	3421	3321	3211	3334	3076	2982	2903	0	3044	3208	3005	3111	2978	2938	3120	3136	3092	3030	3292	2928	3023	3233	3204	3203	3133	2964	2861	3388	3071	3171	3191	3379	3232	3030	3038	3167	3196
PD5147c_lo066	3177	2744	2726	2907	2806	3023	2805	2653	2719	2764	3042	2911	2745	3209	3188	3042	3083	3104	3148	2959	3235	3285	2941	3207	3132	3158	3158	3262	3175	3379	3329	3201	3332	3040	2972	3049	3044	0	3176	3107	3067	2952	2930	3092	3076	3198	3028	3252	3188	2997	3213	3170	3187	3161	2964	2645	3380	3047	2925	3183	3363	3244	3010	2896	3131	3190
PD5147c_lo067	3209	2828	2896	3007	2798	3091	2933	2737	2867	2912	3120	2977	2825	3257	3352	3112	3147	3198	3206	3025	3291	3331	3085	3295	3188	3212	3182	3404	3213	3465	3459	3243	3398	3076	3118	3187	3208	3176	0	3235	3107	3016	3074	3218	3156	3342	3194	3396	3338	3093	3249	3204	3229	3291	3114	3017	3410	3219	3311	3239	3425	3292	3048	3162	3215	3334
PD5147c_lo068	3282	2813	2815	2960	2883	3090	2876	2748	2664	2835	3125	2986	2864	3258	3245	3119	3156	3197	3223	3074	3294	3368	3012	3288	3215	3253	3225	3341	3226	3438	3392	3272	3415	3135	3037	3018	3005	3107	3235	0	3150	3031	3031	3187	3161	3089	3107	3311	3187	3050	3264	3281	3244	3228	3011	2940	3433	3138	3244	3266	3426	3285	3093	3109	3216	3251
PD5147c_lo069	3098	2743	2783	2922	2779	2956	2874	2574	2756	2813	3005	2842	2742	3146	3233	2981	3066	3055	3039	2818	3140	3206	2978	3178	3063	3123	3085	3307	3088	3306	3362	3128	3289	2963	3017	3082	3111	3067	3107	3150	0	2855	2997	3115	3067	3221	3083	3281	3251	2994	3078	3139	3108	3198	3017	2922	3237	3076	3188	3118	3324	3131	2921	3053	3136	3239
PD5147c_lo070	2969	2614	2666	2805	2658	2857	2713	2291	2635	2672	2874	2639	2547	3017	3096	2336	2943	2874	2960	2797	2563	3117	2819	3053	2942	2964	2944	3194	2969	3221	3219	3003	3188	2830	2894	2975	2978	2952	3016	3031	2855	0	2848	2990	2976	3096	2956	3170	3116	2869	3013	2962	2917	3079	2874	2791	3158	2969	3079	3007	3195	2954	2820	2936	2997	3110
PD5147c_lo071	3101	2660	2646	2791	2710	2933	2695	2575	2637	2670	2964	2851	2711	3113	3108	2954	3003	3050	3074	2889	3097	3203	2845	3119	3086	3124	3086	3198	3079	3307	3227	3111	3246	2972	2874	2941	2938	2930	3074	3031	2997	2848	0	3016	3012	3106	2870	3170	3132	2899	3147	3120	3097	2875	2882	2741	3272	2955	3069	3105	3277	3144	2938	2920	3061	3088
PD5147c_lo072	3225	2760	2758	2963	2844	3085	2809	2711	2787	2770	3076	2957	2805	3217	3200	3102	3079	3164	3190	3003	3247	3289	2923	3205	3168	3222	3176	3238	3221	3351	3311	3211	3372	3078	3066	3129	3120	3092	3218	3187	3115	2990	3016	0	3018	3248	3114	3314	3272	3043	3235	3210	3207	3215	2888	2927	3394	3061	3245	3219	3393	3250	3048	3100	3147	3260
PD5147c_lo073	3201	2680	2814	2955	2798	3017	2875	2675	2775	2852	3032	2939	2795	3205	3258	3066	3035	3126	3170	2955	3225	3277	2995	3211	3152	3208	3150	3334	3179	3297	3389	3211	3324	3088	3024	3119	3136	3076	3156	3161	3067	2976	3012	3018	0	3272	3114	3312	3272	3011	3223	3198	3181	3237	3044	2945	3370	3119	3251	3209	3353	3244	3044	3098	3117	3258
PD5147c_lo074	3355	2918	2908	3057	2970	3177	2967	2829	2755	2920	3210	3085	2935	3359	3348	3222	3245	3256	3286	3121	3391	3443	3093	3377	3304	3338	3314	3398	3311	3547	3443	3355	3490	3204	3136	3101	3092	3198	3342	3089	3221	3096	3106	3248	3272	0	3160	3426	3234	3143	3377	3360	3349	3323	3104	3031	3518	3203	3317	3343	3527	3372	3170	3180	3293	3322
PD5147c_lo075	3193	2758	2766	2911	2830	3019	2829	2675	2715	2780	3064	2943	2767	3225	3190	3064	3099	3148	3188	2983	3237	3309	2943	3239	3168	3182	3160	3268	3175	3411	3323	3193	3360	3056	2996	3053	3030	3028	3194	3107	3083	2956	2870	3114	3114	3160	0	3284	3240	3003	3229	3194	3195	3071	2942	2873	3356	3079	3149	3207	3395	3230	3036	2998	3151	3216
PD5147c_lo076	3347	2978	2940	2827	3030	3225	2989	2865	2929	2970	3270	3141	2919	3385	3384	3260	3289	3332	3382	3187	3405	3475	3129	3417	3332	3324	3286	3466	3393	3559	3499	3397	3552	3212	3146	3273	3292	3252	3396	3311	3281	3170	3170	3314	3312	3426	3284	0	3436	3197	3417	3346	3383	3383	3170	3067	3560	3269	3375	3401	3553	3450	3230	3230	3363	3364
PD5147c_lo077	3363	2894	2910	3059	2988	3195	2987	2845	2703	2944	3216	3103	2963	3371	3374	3232	3261	3304	3310	3163	3385	3459	3115	3403	3328	3338	3332	3424	3337	3581	3481	3363	3502	3236	3154	3029	2928	3188	3338	3187	3251	3116	3132	3272	3272	3234	3240	3436	0	3147	3373	3378	3331	3301	3116	3045	3540	3225	3325	3383	3513	3398	3202	3190	3305	3360
PD5147c_lo078	3102	2657	2689	2820	2723	2926	2736	2558	2674	2709	2947	2818	2702	3110	3147	2957	3004	3019	3065	2906	3118	3192	2880	3136	3051	3101	3075	3207	3078	3292	3258	3100	3235	2981	2909	3010	3023	2997	3093	3050	2994	2869	2899	3043	3011	3143	3003	3197	3147	0	3096	3111	3104	3118	2911	2824	3281	3006	3102	3102	3266	3125	2937	3007	3066	3151
PD5147c_lo079	3256	2857	2935	3034	2923	3070	2972	2716	2922	2965	3169	2974	2858	3264	3395	3093	3202	3199	3111	2988	3282	3358	3120	3300	3215	3269	3217	3455	3146	3462	3488	3262	3419	3143	3147	3172	3233	3213	3249	3264	3078	3013	3147	3235	3223	3377	3229	3417	3373	3096	0	3255	3222	3320	3137	3058	3405	3222	3344	3258	3452	3279	3083	3211	3276	3361
PD5147c_lo080	2571	2858	2884	3033	2906	3085	2985	2709	2901	2936	3146	3001	2115	2973	3386	3116	3167	3206	3220	2993	3287	3183	3101	3265	2880	2504	2562	3432	3215	3139	3423	3139	3386	2506	3114	3217	3204	3170	3204	3281	3139	2962	3120	3210	3198	3360	3194	3346	3378	3111	3255	0	3157	3273	3122	3055	3400	3229	3333	3119	3405	3278	2954	3196	3279	3326
PD5147c_lo081	3162	2843	2901	3030	2871	3084	2962	2636	2890	2907	3123	2606	2756	3226	3333	2991	3204	2687	3163	3016	3174	3342	3070	3278	3151	3159	3121	3435	3208	3456	3458	3186	3381	3029	3131	3178	3203	3187	3229	3244	3108	2917	3097	3207	3181	3349	3195	3383	3331	3104	3222	3157	0	3300	3105	3024	3403	3208	3328	3226	3434	2909	3049	3175	3256	3335
PD5147c_lo082	3270	2863	2875	3008	2929	3128	2948	2780	2852	2889	3179	3042	2864	3276	3341	3153	3242	3253	3273	3096	3322	3186	3050	3336	3131	3241	3241	3399	3296	3484	3434	3244	3455	3135	3099	3170	3133	3161	3291	3228	3198	3079	2875	3215	3237	3323	3071	3383	3301	3118	3320	3273	3300	0	3079	2966	3473	3176	3250	3192	3484	3337	3033	3121	3260	3307
PD5147c_lo083	3109	2668	2548	2811	2738	2917	2589	2597	2641	2544	2956	2837	2695	3125	2982	2988	3019	3058	3098	2893	3131	3201	2735	3105	3070	3102	3054	2992	3095	3311	3111	3099	3246	2966	2886	2961	2964	2964	3114	3011	3017	2874	2882	2888	3044	3104	2942	3170	3116	2911	3137	3122	3105	3079	0	2789	3268	2827	3081	3113	3273	3148	2952	2960	3051	3096
PD5147c_lo084	3042	2575	2569	2696	2641	2846	2632	2492	2540	2585	2869	2768	2602	3050	3013	2897	2926	2975	3005	2802	3050	3108	2740	3044	3005	3023	2989	3065	3008	3208	3144	3022	3171	2915	2807	2878	2861	2645	3017	2940	2922	2791	2741	2927	2945	3031	2873	3067	3045	2824	3058	3055	3024	2966	2789	0	3173	2886	2364	3020	3218	3075	2863	2707	2972	3033
PD5147c_lo085	3373	3044	3050	3121	3052	3257	3109	2877	3051	3070	3334	3157	2983	3447	3514	3274	3357	3366	3360	3159	3433	3517	3261	3445	3348	3390	3350	3594	3351	3633	3627	3431	3608	3256	3286	3349	3388	3380	3410	3433	3237	3158	3272	3394	3370	3518	3356	3560	3540	3281	3405	3400	3403	3473	3268	3173	0	3355	3495	3429	3589	3432	3262	3330	3439	3514
PD5147c_lo086	3246	2771	2639	2884	2827	3038	2682	2686	2734	2653	3061	2954	2798	3240	3083	3081	3106	3159	3179	2974	3236	3298	2826	3220	3207	3233	3199	3133	3186	3424	3204	3200	3339	3091	2995	3066	3071	3047	3219	3138	3076	2969	2955	3061	3119	3203	3079	3269	3225	3006	3222	3229	3208	3176	2827	2886	3355	0	3186	3218	3372	3259	3061	3025	3192	3203
PD5147c_lo087	3306	2891	2883	3016	2945	3140	2928	2790	2852	2905	3187	3062	2910	3338	3297	3171	3216	3255	3295	3134	3358	3414	3044	3366	3287	3331	3279	3381	3314	3514	3442	3318	3467	3189	3093	3186	3171	2925	3311	3244	3188	3079	3069	3245	3251	3317	3149	3375	3325	3102	3344	3333	3328	3250	3081	2364	3495	3186	0	3322	3498	3359	3169	3015	3246	3295
PD5147c_lo088	3148	2857	2905	3028	2895	3110	2954	2738	2876	2931	3145	2980	2736	3154	3381	3113	3186	3173	3219	3010	3276	3118	3118	3296	2983	3137	3103	3431	3230	3414	3464	3166	3413	2969	3127	3208	3191	3183	3239	3266	3118	3007	3105	3219	3209	3343	3207	3401	3383	3102	3258	3119	3226	3192	3113	3020	3429	3218	3322	0	3430	3295	2795	3179	3258	3349
PD5147c_lo089	3464	3033	3077	3180	2985	3164	3132	2898	3062	3085	3311	3186	3016	3466	3481	3289	3350	3381	3401	3206	3452	3514	3248	2828	3379	3413	3399	3601	3428	3652	3634	3424	3271	3299	3299	3374	3379	3363	3425	3426	3324	3195	3277	3393	3353	3527	3395	3553	3513	3266	3452	3405	3434	3484	3273	3218	3589	3372	3498	3430	0	3491	3255	3371	3394	3505
PD5147c_lo090	3283	2884	2934	3071	2922	3117	2985	2673	2925	2950	3172	2517	2871	3297	3374	3052	3209	2854	3216	3057	3233	3383	3115	3317	3238	3260	3244	3446	3257	3503	3507	3255	3468	3136	3150	3235	3232	3244	3292	3285	3131	2954	3144	3250	3244	3372	3230	3450	3398	3125	3279	3278	2909	3337	3148	3075	3432	3259	3359	3295	3491	0	3116	3198	3281	3388
PD5147c_lo091	2945	2686	2748	2855	2714	2935	2815	2547	2687	2760	2948	2843	2547	2951	3208	2932	3021	3026	3028	2839	3093	2921	2907	3115	2794	2952	2948	3256	3059	3245	3297	2983	3242	2812	2934	3025	3030	3010	3048	3093	2921	2820	2938	3048	3044	3170	3036	3230	3202	2937	3083	2954	3049	3033	2952	2863	3262	3061	3169	2795	3255	3116	0	3008	3073	3182
PD5147c_lo092	3197	2738	2734	2871	2810	3005	2791	2643	2693	2764	3024	2885	2759	3203	3174	3024	3087	3118	3148	2941	3207	3267	2905	3195	3150	3186	3144	3240	3159	3375	3291	3179	3332	3054	2952	3047	3038	2896	3162	3109	3053	2936	2920	3100	3098	3180	2998	3230	3190	3007	3211	3196	3175	3121	2960	2707	3330	3025	3015	3179	3371	3198	3008	0	3147	3192
PD5147c_lo093	3244	2751	2839	2976	2873	3050	2904	2718	2820	2867	3079	2990	2866	3272	3281	3077	3094	3191	3187	3018	3282	3344	3046	3264	3199	3261	3205	3377	3220	3386	3422	3230	3365	3131	3083	3170	3167	3131	3215	3216	3136	2997	3061	3147	3117	3293	3151	3363	3305	3066	3276	3279	3256	3260	3051	2972	3439	3192	3246	3258	3394	3281	3073	3147	0	3309
PD5147c_lo094	3331	2896	2902	2987	2976	3175	2927	2825	2861	2932	3186	3065	2939	3321	3346	3212	3231	3296	3290	3145	3373	3405	3073	3361	3304	3320	3290	3438	3349	3529	3453	3337	3484	3198	3046	3217	3196	3190	3334	3251	3239	3110	3088	3260	3258	3322	3216	3364	3360	3151	3361	3326	3335	3307	3096	3033	3514	3203	3295	3349	3505	3388	3182	3192	3309	0
