	PD5179aa	PD5179ab	PD5179ac	PD5179ad	PD5179ae	PD5179af	PD5179ag	PD5179ah	PD5179ai	PD5179aj	PD5179ak	PD5179al	PD5179am	PD5179an	PD5179ao	PD5179ap	PD5179aq	PD5179ar	PD5179as	PD5179at	PD5179au	PD5179av	PD5179aw	PD5179ax	PD5179ay	PD5179ba	PD5179bb	PD5179bc	PD5179bd	PD5179be	PD5179bf	PD5179bg	PD5179bh	PD5179bi	PD5179bj	PD5179bk	PD5179bl	PD5179bm	PD5179bo	PD5179bp	PD5179bq	PD5179br	PD5179bs	PD5179bt	PD5179bu	PD5179bv	PD5179bw	PD5179by	PD5179bz	PD5179ca	PD5179cb	PD5179cc	PD5179ce	PD5179cf	PD5179cg	PD5179ch	PD5179ci	PD5179cj	PD5179ck	PD5179cl	PD5179cm	PD5179cn	PD5179co	PD5179cp	PD5179cq	PD5179cr	PD5179cs	PD5179ct	PD5179cu	PD5179cv	PD5179cw	PD5179cx	PD5179cy	PD5179cz	PD5179da	PD5179db	PD5179dc	PD5179dd	PD5179m	PD5179n	PD5179o	PD5179p	PD5179q	PD5179r	PD5179s	PD5179t	PD5179u	PD5179v	PD5179w	PD5179x	PD5179y	PD5179z
PD5179aa	0	1393	1502	1341	1472	1339	1491	1452	1453	1352	1420	1380	1389	1481	1246	1612	1462	1469	1942	1487	1395	1500	2501	1448	1564	1313	1310	1406	1796	2489	1718	1530	1600	1426	2495	1303	1539	1450	1802	1427	1565	1439	1742	1349	1574	1558	1414	1412	1292	1317	1554	1415	1361	1486	1450	1463	1318	1743	1473	1521	1451	1351	1539	2021	1600	1262	1643	1561	1414	1488	1293	1298	1517	1585	1343	1440	1596	1332	1587	1513	1645	2091	1510	1509	1529	1334	1443	1302	1362	1467	1159	1167
PD5179ab	1393	0	1619	1480	1609	1494	1606	1593	1532	1521	1531	1511	1502	1608	1385	1749	1597	1586	2073	1622	1540	1639	2636	1547	1695	1496	1449	1551	1929	2616	1839	1663	1741	1569	2630	1430	1652	1571	1929	1470	1696	1570	1881	1492	1719	1691	1559	1467	1441	1418	1689	1526	1472	1635	1587	1604	1471	1884	1620	1646	1582	1488	1684	2170	1731	1425	1780	1678	1533	1603	1412	1413	1644	1708	1464	1569	1721	1451	1698	1582	1792	2222	1649	1638	1656	1465	1578	1389	1519	1622	1296	1358
PD5179ac	1502	1619	0	1475	1614	1283	1629	1708	1691	1612	1672	1492	1629	1611	1492	1748	1584	1581	2064	1617	1587	1636	2623	1688	1696	1595	1500	1512	1904	2593	1850	1662	1784	1564	2611	1565	1643	1630	1934	1673	1749	1559	1888	1553	1680	1670	1562	1642	1486	1555	1676	1655	1489	1620	1616	1595	1580	1853	1605	1651	1585	1485	1679	2171	1718	1520	1765	1673	1534	1592	1543	1532	1645	1755	1593	1628	1712	1578	1697	1749	1781	2207	1642	1629	1647	1456	1583	1570	1406	1601	1379	1453
PD5179ad	1341	1480	1475	0	1381	1342	1388	1559	1548	1471	1521	1349	1474	1372	1341	1471	1423	1338	1837	1452	1436	1417	2386	1541	1447	1436	1341	1381	1691	2378	1615	1481	1645	1395	2390	1404	1388	1499	1709	1526	1602	1300	1641	1400	1481	1437	1315	1507	1347	1406	1419	1488	1252	1387	1477	1356	1443	1622	1334	1414	1348	1336	1434	1936	1481	1361	1540	1440	1389	1443	1390	1383	1466	1624	1430	1477	1481	1435	1538	1616	1544	1996	1415	1392	1422	1291	1332	1419	1367	1368	1232	1310
PD5179ae	1472	1609	1614	1381	0	1459	1485	1694	1689	1608	1644	1464	1617	1409	1468	1620	1562	1305	1978	1587	1557	1498	2529	1672	1566	1573	1480	1512	1818	2493	1740	1606	1784	1540	2539	1527	1551	1622	1824	1647	1761	1341	1766	1541	1530	1422	1326	1644	1474	1535	1588	1631	1337	1432	1596	1397	1558	1647	1505	1511	1377	1457	1491	2075	1546	1514	1559	1481	1516	1574	1517	1512	1599	1735	1551	1560	1562	1560	1687	1751	1537	2115	1496	1485	1443	1432	1385	1532	1506	1467	1365	1443
PD5179af	1339	1494	1283	1342	1459	0	1486	1557	1570	1481	1511	1369	1486	1454	1347	1605	1443	1450	1939	1492	1444	1505	2484	1559	1559	1442	1361	1373	1781	2478	1713	1509	1651	1423	2492	1424	1518	1509	1779	1530	1628	1406	1733	1414	1565	1547	1409	1513	1357	1426	1545	1516	1336	1485	1477	1456	1439	1710	1464	1508	1434	1344	1540	2038	1593	1389	1640	1538	1399	1459	1394	1385	1498	1620	1434	1481	1587	1441	1560	1628	1660	2084	1497	1506	1518	1313	1438	1415	1277	1478	1234	1326
PD5179ag	1491	1606	1629	1388	1485	1486	0	1713	1690	1621	1647	1483	1640	1468	1479	1649	1569	1466	1979	1590	1588	1405	2530	1681	1463	1588	1491	1519	1827	2552	1669	1627	1791	1539	2546	1540	1566	1645	1837	1672	1766	1430	1791	1550	1575	1551	1421	1665	1489	1552	1593	1642	1290	1489	1619	1460	1565	1694	1500	1408	1462	1474	1546	2098	1615	1519	1622	1560	1539	1589	1548	1533	1622	1754	1588	1613	1457	1573	1680	1740	1660	2116	1445	1382	1538	1447	1456	1547	1507	1414	1378	1466
PD5179ah	1452	1593	1708	1559	1694	1557	1713	0	1671	1580	1626	1588	1569	1689	1456	1846	1662	1669	1910	1699	1619	1738	2715	1660	1784	1575	1524	1602	1770	2673	1936	1726	1792	1646	2725	1509	1743	1662	1998	1627	1791	1637	1934	1565	1780	1774	1622	1618	1528	1521	1762	1595	1557	1702	1646	1675	1546	1915	1689	1687	1665	1571	1747	2009	1804	1464	1843	1755	1616	1692	1523	1480	1711	1737	1551	1636	1804	1548	1763	1737	1863	2073	1732	1717	1741	1542	1663	1506	1598	1691	1367	1435
PD5179ai	1453	1532	1691	1548	1689	1570	1690	1671	0	1595	1611	1575	1586	1692	1459	1833	1647	1666	2119	1686	1604	1729	2702	1639	1773	1564	1525	1601	1995	2672	1917	1737	1819	1649	2700	1500	1704	1653	2003	1556	1794	1638	1955	1582	1793	1749	1631	1533	1515	1498	1767	1590	1556	1695	1663	1670	1543	1934	1670	1718	1666	1582	1746	2240	1799	1477	1844	1776	1623	1683	1490	1481	1718	1768	1536	1637	1781	1529	1768	1664	1848	2266	1713	1710	1732	1547	1668	1455	1597	1668	1358	1444
PD5179aj	1352	1521	1612	1471	1608	1481	1621	1580	1595	0	1536	1494	1517	1609	1362	1746	1570	1569	2066	1571	1525	1628	2611	1556	1704	1453	1436	1510	1906	2585	1856	1632	1720	1572	2619	1433	1653	1580	1894	1541	1667	1549	1832	1489	1714	1672	1544	1538	1418	1437	1668	1523	1463	1606	1588	1585	1422	1869	1593	1627	1587	1477	1665	2137	1726	1390	1773	1689	1538	1582	1421	1424	1615	1691	1453	1560	1702	1474	1691	1641	1787	2197	1640	1611	1637	1454	1569	1440	1490	1589	1279	1327
PD5179ak	1420	1531	1672	1521	1644	1511	1647	1626	1611	1536	0	1536	1539	1647	1394	1790	1626	1621	2114	1647	1565	1686	2651	1568	1728	1527	1466	1572	1964	2647	1892	1674	1778	1592	2651	1455	1705	1610	1952	1567	1733	1581	1900	1531	1750	1706	1588	1562	1474	1429	1726	1507	1511	1652	1612	1641	1498	1897	1635	1685	1623	1525	1731	2191	1758	1456	1801	1719	1562	1622	1443	1434	1669	1741	1403	1608	1750	1478	1739	1673	1813	2259	1674	1663	1691	1518	1619	1452	1548	1627	1323	1383
PD5179al	1380	1511	1492	1349	1464	1369	1483	1588	1575	1494	1536	0	1487	1465	1356	1624	1360	1449	1932	1449	1463	1502	2489	1560	1578	1463	1358	1342	1762	2483	1732	1510	1682	1426	2503	1421	1515	1510	1790	1531	1631	1431	1740	1429	1582	1544	1412	1520	1368	1423	1560	1537	1349	1476	1494	1461	1450	1729	1461	1501	1447	1325	1549	2037	1578	1396	1641	1541	1322	1358	1405	1406	1517	1631	1461	1502	1582	1452	1573	1639	1639	2073	1512	1511	1521	1336	1451	1442	1380	1475	1253	1345
PD5179am	1389	1502	1629	1474	1617	1486	1640	1569	1586	1517	1539	1487	0	1606	1399	1763	1577	1594	2055	1618	1546	1645	2616	1567	1697	1494	1449	1525	1909	2608	1861	1655	1725	1561	2632	1364	1664	1567	1949	1558	1694	1568	1875	1500	1721	1687	1549	1525	1429	1442	1699	1524	1494	1643	1585	1588	1483	1852	1598	1652	1588	1498	1694	2158	1737	1407	1776	1686	1543	1589	1428	1343	1624	1714	1468	1563	1723	1473	1690	1626	1790	2206	1639	1634	1648	1467	1586	1451	1511	1616	1290	1354
PD5179an	1481	1608	1611	1372	1409	1454	1468	1689	1692	1609	1647	1465	1606	0	1487	1615	1559	1392	1975	1580	1578	1487	2536	1651	1559	1586	1493	1499	1817	2518	1725	1627	1785	1527	2522	1530	1552	1621	1825	1648	1748	1366	1775	1526	1447	1499	1359	1655	1477	1542	1577	1644	1340	1347	1597	1292	1553	1670	1494	1510	1274	1448	1408	2072	1537	1509	1486	1458	1497	1567	1512	1509	1600	1734	1580	1573	1571	1555	1690	1734	1590	2134	1495	1486	1474	1427	1274	1535	1479	1456	1346	1452
PD5179ao	1246	1385	1492	1341	1468	1347	1479	1456	1459	1362	1394	1356	1399	1487	0	1624	1456	1461	1926	1487	1395	1508	2487	1438	1568	1345	1314	1402	1776	2477	1722	1516	1604	1428	2479	1315	1529	1452	1778	1413	1573	1437	1742	1355	1584	1558	1426	1418	1300	1303	1560	1409	1343	1488	1452	1469	1314	1721	1471	1509	1455	1357	1555	2017	1596	1244	1643	1551	1400	1466	1303	1294	1511	1581	1343	1446	1566	1322	1563	1529	1665	2083	1496	1495	1531	1338	1439	1322	1370	1471	1141	1205
PD5179ap	1612	1749	1748	1471	1620	1605	1649	1846	1833	1746	1790	1624	1763	1615	1624	0	1692	1621	2100	1715	1703	1646	2643	1802	1714	1709	1624	1638	1946	2643	1884	1764	1922	1666	2661	1691	1593	1766	1972	1795	1865	1571	1916	1671	1728	1714	1574	1780	1622	1677	1660	1765	1507	1660	1742	1629	1686	1879	1535	1657	1615	1603	1705	2227	1734	1646	1803	1715	1650	1680	1657	1656	1735	1861	1717	1750	1728	1704	1807	1883	1797	2261	1662	1637	1683	1554	1599	1688	1632	1637	1489	1581
PD5179aq	1462	1597	1584	1423	1562	1443	1569	1662	1647	1570	1626	1360	1577	1559	1456	1692	0	1529	2020	1537	1539	1584	2577	1652	1648	1555	1446	1438	1870	2571	1794	1596	1746	1524	2577	1497	1615	1604	1880	1639	1723	1505	1818	1515	1658	1626	1500	1628	1448	1519	1642	1615	1435	1578	1576	1549	1536	1809	1543	1603	1527	1411	1621	2133	1684	1486	1719	1629	1424	1420	1475	1486	1595	1725	1555	1584	1660	1552	1653	1723	1715	2175	1602	1593	1599	1418	1525	1530	1464	1563	1327	1419
PD5179ar	1469	1586	1581	1338	1305	1450	1466	1669	1666	1569	1621	1449	1594	1392	1461	1621	1529	0	1943	1574	1540	1491	2502	1645	1527	1562	1461	1481	1799	2502	1699	1601	1757	1497	2498	1510	1536	1591	1807	1620	1726	1314	1759	1508	1511	1379	1309	1607	1455	1520	1547	1616	1332	1413	1581	1382	1535	1622	1482	1478	1364	1452	1466	2064	1533	1491	1548	1462	1491	1541	1490	1491	1598	1726	1540	1523	1561	1549	1644	1708	1514	2116	1485	1482	1420	1409	1362	1509	1469	1456	1342	1424
PD5179as	1942	2073	2064	1837	1978	1939	1979	1910	2119	2066	2114	1932	2055	1975	1926	2100	2020	1943	0	2051	2045	2002	2599	2140	2042	2035	1928	1960	970	2609	2174	2032	2222	1978	2623	1979	2023	2090	1892	2099	2213	1921	1842	1991	2052	2022	1902	2078	1948	1971	2034	2067	1833	1960	2042	1955	2002	2075	1941	1851	1905	1929	2033	1287	2104	1844	2135	2041	1978	2036	1961	1956	2047	1925	2021	2012	2072	2040	2109	2219	2129	1275	2006	1993	2037	1886	1953	1986	1942	1951	1819	1895
PD5179at	1487	1622	1617	1452	1587	1492	1590	1699	1686	1571	1647	1449	1618	1580	1487	1715	1537	1574	2051	0	1570	1613	2590	1659	1693	1582	1485	1477	1903	2586	1833	1637	1777	1543	2614	1548	1642	1613	1903	1650	1756	1532	1859	1538	1673	1669	1541	1635	1479	1538	1675	1656	1458	1595	1621	1580	1573	1826	1582	1620	1566	1374	1646	2168	1727	1511	1738	1664	1479	1545	1530	1527	1634	1738	1572	1623	1665	1587	1678	1732	1750	2200	1611	1608	1620	1453	1554	1545	1501	1588	1362	1446
PD5179au	1395	1540	1587	1436	1557	1444	1588	1619	1604	1525	1565	1463	1546	1578	1395	1703	1539	1540	2045	1570	0	1605	2584	1575	1655	1502	1349	1487	1879	2566	1817	1605	1679	1531	2588	1454	1618	1537	1879	1582	1642	1520	1827	1442	1679	1635	1523	1551	1383	1450	1649	1560	1448	1583	1541	1550	1477	1800	1556	1598	1550	1454	1646	2120	1689	1429	1726	1626	1487	1569	1452	1439	1602	1646	1490	1519	1675	1469	1676	1656	1732	2178	1587	1602	1618	1415	1542	1463	1465	1572	1282	1368
PD5179av	1500	1639	1636	1417	1498	1505	1405	1738	1729	1628	1686	1502	1645	1487	1508	1646	1584	1491	2002	1613	1605	0	2555	1706	1498	1619	1510	1528	1840	2537	1672	1648	1804	1562	2563	1573	1597	1672	1864	1687	1771	1445	1810	1573	1592	1572	1438	1664	1508	1575	1608	1667	1299	1496	1636	1481	1588	1701	1515	1413	1469	1505	1577	2103	1642	1550	1657	1591	1538	1604	1541	1538	1649	1769	1589	1634	1428	1598	1699	1763	1665	2149	1468	1351	1543	1462	1465	1564	1520	1423	1401	1477
PD5179aw	2501	2636	2623	2386	2529	2484	2530	2715	2702	2611	2651	2489	2616	2536	2487	2643	2577	2502	2599	2590	2584	2555	0	2679	2607	2600	2485	2525	2461	2384	2757	2653	2781	2535	2404	2546	2582	2637	2491	2686	2752	2464	2445	2548	2617	2585	2451	2645	2497	2552	2605	2662	2396	2535	2611	2516	2573	2758	2508	2566	2508	2492	2588	2786	2659	2529	2700	2596	2531	2593	2488	2523	2598	2746	2578	2625	2621	2589	2674	2758	2700	2768	2567	2544	2574	2449	2490	2549	2503	2502	2378	2468
PD5179ax	1448	1547	1688	1541	1672	1559	1681	1660	1639	1556	1568	1560	1567	1651	1438	1802	1652	1645	2140	1659	1575	1706	2679	0	1746	1555	1504	1594	1994	2679	1898	1712	1804	1616	2683	1483	1719	1634	1966	1593	1745	1629	1926	1555	1778	1744	1614	1588	1494	1471	1744	1553	1541	1694	1656	1653	1536	1943	1667	1703	1647	1547	1747	2221	1800	1472	1843	1737	1594	1664	1453	1480	1709	1751	1485	1624	1786	1496	1765	1697	1857	2279	1706	1685	1703	1520	1639	1486	1568	1665	1345	1413
PD5179ay	1564	1695	1696	1447	1566	1559	1463	1784	1773	1704	1728	1578	1697	1559	1568	1714	1648	1527	2042	1693	1655	1498	2607	1746	0	1655	1580	1594	1892	2585	1732	1712	1858	1606	2611	1617	1645	1716	1906	1751	1833	1499	1864	1631	1652	1618	1504	1728	1570	1629	1656	1717	1369	1554	1680	1539	1648	1749	1591	1499	1537	1557	1615	2165	1672	1600	1719	1621	1594	1664	1601	1608	1695	1819	1657	1692	1554	1652	1753	1845	1745	2193	1532	1493	1599	1520	1545	1628	1580	1487	1439	1527
PD5179ba	1313	1496	1595	1436	1573	1442	1588	1575	1564	1453	1527	1463	1494	1586	1345	1709	1555	1562	2035	1582	1502	1619	2600	1555	1655	0	1407	1499	1881	2570	1829	1635	1703	1535	2594	1410	1636	1551	1889	1524	1676	1538	1851	1468	1679	1631	1527	1515	1399	1412	1651	1506	1444	1587	1565	1564	1421	1826	1568	1614	1550	1456	1646	2130	1693	1385	1740	1660	1511	1549	1402	1395	1606	1686	1430	1543	1671	1431	1660	1622	1750	2190	1617	1594	1628	1437	1548	1425	1471	1582	1258	1274
PD5179bb	1310	1449	1500	1341	1480	1361	1491	1524	1525	1436	1466	1358	1449	1493	1314	1624	1446	1461	1928	1485	1349	1510	2485	1504	1580	1407	0	1414	1768	2485	1714	1536	1598	1436	2503	1347	1549	1442	1796	1489	1573	1433	1738	1351	1578	1550	1412	1458	1294	1375	1564	1459	1345	1490	1448	1481	1396	1739	1465	1509	1447	1357	1547	2019	1600	1336	1641	1553	1408	1474	1355	1338	1495	1561	1397	1412	1600	1392	1575	1575	1651	2081	1506	1495	1519	1324	1459	1368	1372	1469	1177	1281
PD5179bc	1406	1551	1512	1381	1512	1373	1519	1602	1601	1510	1572	1342	1525	1499	1402	1638	1438	1481	1960	1477	1487	1528	2525	1594	1594	1499	1414	0	1820	2503	1756	1546	1684	1464	2503	1463	1571	1544	1832	1565	1659	1463	1768	1457	1586	1572	1436	1566	1400	1457	1578	1555	1391	1524	1526	1485	1464	1745	1497	1537	1487	1355	1569	2055	1630	1428	1671	1579	1374	1446	1445	1430	1541	1651	1497	1526	1616	1474	1599	1657	1679	2103	1548	1519	1529	1354	1467	1460	1398	1489	1273	1377
PD5179bd	1796	1929	1904	1691	1818	1781	1827	1770	1995	1906	1964	1762	1909	1817	1776	1946	1870	1799	970	1903	1879	1840	2461	1994	1892	1881	1768	1820	0	2445	2036	1894	2088	1826	2481	1837	1881	1926	1738	1945	2061	1765	1710	1835	1886	1886	1746	1936	1790	1827	1884	1913	1675	1822	1900	1805	1860	1905	1797	1691	1765	1769	1889	1107	1940	1686	1985	1899	1826	1878	1809	1814	1909	1761	1851	1844	1916	1878	1969	2051	1977	1107	1856	1839	1867	1722	1777	1846	1794	1793	1663	1751
PD5179be	2489	2616	2593	2378	2493	2478	2552	2673	2672	2585	2647	2483	2608	2518	2477	2643	2571	2502	2609	2586	2566	2537	2384	2679	2585	2570	2485	2503	2445	0	2765	2631	2779	2527	2384	2546	2548	2639	2475	2618	2734	2454	2423	2524	2611	2557	2453	2647	2477	2536	2591	2634	2386	2525	2605	2494	2537	2750	2490	2536	2498	2458	2556	2758	2639	2513	2648	2590	2515	2573	2476	2515	2604	2748	2570	2627	2625	2569	2658	2738	2680	2764	2553	2536	2570	2425	2468	2537	2493	2518	2368	2446
PD5179bf	1718	1839	1850	1615	1740	1713	1669	1936	1917	1856	1892	1732	1861	1725	1722	1884	1794	1699	2174	1833	1817	1672	2757	1898	1732	1829	1714	1756	2036	2765	0	1858	2028	1762	2745	1785	1799	1866	2066	1885	2003	1663	2012	1785	1816	1788	1654	1880	1706	1789	1814	1865	1517	1730	1854	1707	1808	1919	1741	1673	1683	1709	1773	2293	1834	1752	1871	1795	1762	1806	1757	1760	1847	1981	1813	1854	1746	1808	1917	1989	1879	2337	1678	1673	1765	1682	1689	1790	1732	1629	1611	1699
PD5179bg	1530	1663	1662	1481	1606	1509	1627	1726	1737	1632	1674	1510	1655	1627	1516	1764	1596	1601	2032	1637	1605	1648	2653	1712	1712	1635	1536	1546	1894	2631	1858	0	1836	1434	2625	1579	1673	1664	1734	1681	1769	1561	1666	1567	1716	1696	1558	1684	1526	1583	1700	1685	1505	1610	1652	1595	1616	1861	1621	1659	1593	1523	1673	2043	1728	1548	1775	1699	1558	1618	1557	1546	1583	1781	1601	1658	1690	1628	1637	1785	1785	2207	1654	1647	1655	1364	1581	1582	1536	1613	1401	1487
PD5179bh	1600	1741	1784	1645	1784	1651	1791	1792	1819	1720	1778	1682	1725	1785	1604	1922	1746	1757	2222	1777	1679	1804	2781	1804	1858	1703	1598	1684	2088	2779	2028	1836	0	1732	2797	1673	1833	1712	2094	1785	1773	1725	2026	1581	1882	1864	1728	1740	1572	1673	1868	1761	1653	1792	1740	1769	1688	2033	1777	1821	1759	1661	1845	2315	1914	1652	1933	1849	1702	1764	1655	1652	1807	1825	1703	1638	1876	1700	1871	1873	1941	2367	1798	1809	1833	1642	1749	1654	1674	1789	1495	1579
PD5179bi	1426	1569	1564	1395	1540	1423	1539	1646	1649	1572	1592	1426	1561	1527	1428	1666	1524	1497	1978	1543	1531	1562	2535	1616	1606	1535	1436	1464	1826	2527	1762	1434	1732	0	2541	1475	1591	1582	1862	1585	1689	1477	1796	1485	1622	1606	1476	1588	1430	1493	1614	1575	1399	1520	1554	1509	1526	1787	1515	1563	1503	1417	1601	2085	1650	1466	1679	1599	1466	1526	1481	1448	1477	1711	1527	1570	1644	1524	1543	1695	1695	2139	1558	1557	1567	1280	1499	1472	1438	1529	1309	1401
PD5179bj	2495	2630	2611	2390	2539	2492	2546	2725	2700	2619	2651	2503	2632	2522	2479	2661	2577	2498	2623	2614	2588	2563	2404	2683	2611	2594	2503	2503	2481	2384	2745	2625	2797	2541	0	2544	2582	2629	2499	2652	2770	2484	2449	2538	2613	2593	2463	2663	2493	2550	2611	2668	2416	2545	2637	2530	2571	2776	2510	2562	2514	2486	2590	2794	2655	2517	2686	2586	2535	2593	2484	2543	2622	2760	2578	2619	2649	2579	2680	2738	2676	2762	2563	2536	2570	2441	2490	2555	2515	2538	2386	2468
PD5179bk	1303	1430	1565	1404	1527	1424	1540	1509	1500	1433	1455	1421	1364	1530	1315	1691	1497	1510	1979	1548	1454	1573	2546	1483	1617	1410	1347	1463	1837	2546	1785	1579	1673	1475	2544	0	1588	1495	1845	1474	1634	1476	1783	1414	1641	1585	1483	1437	1349	1354	1613	1466	1416	1551	1511	1520	1395	1766	1522	1566	1496	1422	1592	2092	1653	1337	1692	1612	1451	1521	1342	1245	1546	1634	1376	1475	1635	1389	1628	1568	1710	2148	1551	1548	1560	1387	1488	1359	1421	1522	1200	1282
PD5179bl	1539	1652	1643	1388	1551	1518	1566	1743	1704	1653	1705	1515	1664	1552	1529	1593	1615	1536	2023	1642	1618	1597	2582	1719	1645	1636	1549	1571	1881	2548	1799	1673	1833	1591	2582	1588	0	1675	1897	1716	1788	1496	1825	1590	1649	1611	1481	1681	1537	1600	1577	1682	1432	1563	1649	1548	1613	1808	1418	1586	1540	1500	1620	2134	1677	1565	1718	1612	1571	1637	1572	1557	1660	1794	1626	1653	1653	1617	1712	1804	1722	2170	1597	1574	1608	1489	1530	1593	1555	1544	1406	1504
PD5179bm	1450	1571	1630	1499	1622	1509	1645	1662	1653	1580	1610	1510	1567	1621	1452	1766	1604	1591	2090	1613	1537	1672	2637	1634	1716	1551	1442	1544	1926	2639	1866	1664	1712	1582	2629	1495	1675	0	1938	1639	1673	1577	1866	1479	1710	1682	1574	1604	1414	1511	1698	1599	1491	1632	1600	1603	1524	1859	1625	1661	1581	1499	1685	2169	1738	1476	1779	1695	1546	1620	1499	1484	1679	1617	1547	1554	1718	1524	1703	1729	1801	2219	1646	1641	1667	1488	1589	1524	1520	1623	1321	1419
PD5179bo	1802	1929	1934	1709	1824	1779	1837	1998	2003	1894	1952	1790	1949	1825	1778	1972	1880	1807	1892	1903	1879	1864	2491	1966	1906	1889	1796	1832	1738	2475	2066	1734	2094	1862	2499	1845	1897	1938	0	1953	2055	1775	1270	1867	1928	1912	1778	1954	1798	1863	1916	1953	1703	1848	1926	1811	1882	2073	1813	1863	1795	1777	1889	1819	1940	1828	1989	1911	1830	1898	1813	1832	1917	2059	1879	1922	1862	1894	1981	2059	1991	2031	1866	1855	1879	1746	1807	1854	1818	1827	1669	1761
PD5179bp	1427	1470	1673	1526	1647	1530	1672	1627	1556	1541	1567	1531	1558	1648	1413	1795	1639	1620	2099	1650	1582	1687	2686	1593	1751	1524	1489	1565	1945	2618	1885	1681	1785	1585	2652	1474	1716	1639	1953	0	1756	1612	1909	1540	1745	1729	1595	1511	1479	1464	1725	1558	1534	1653	1631	1648	1501	1906	1642	1680	1628	1534	1730	2200	1781	1449	1828	1726	1559	1641	1460	1443	1676	1746	1486	1611	1767	1487	1748	1606	1810	2256	1665	1672	1692	1515	1624	1395	1551	1652	1330	1392
PD5179bq	1565	1696	1749	1602	1761	1628	1766	1791	1794	1667	1733	1631	1694	1748	1573	1865	1723	1726	2213	1756	1642	1771	2752	1745	1833	1676	1573	1659	2061	2734	2003	1769	1773	1689	2770	1634	1788	1673	2055	1756	0	1708	2009	1516	1833	1811	1677	1735	1523	1622	1825	1730	1616	1767	1721	1728	1637	2004	1730	1792	1716	1616	1808	2300	1875	1611	1888	1814	1655	1731	1608	1601	1800	1790	1674	1623	1865	1643	1838	1830	1910	2332	1773	1780	1790	1603	1714	1635	1639	1754	1446	1546
PD5179br	1439	1570	1559	1300	1341	1406	1430	1637	1638	1549	1581	1431	1568	1366	1437	1571	1505	1314	1921	1532	1520	1445	2464	1629	1499	1538	1433	1463	1765	2454	1663	1561	1725	1477	2484	1476	1496	1577	1775	1612	1708	0	1721	1476	1473	1411	1293	1591	1415	1482	1529	1590	1306	1387	1549	1346	1503	1610	1432	1466	1316	1412	1434	2028	1499	1455	1538	1426	1477	1521	1460	1471	1552	1676	1504	1525	1507	1501	1604	1684	1528	2068	1467	1424	1388	1387	1334	1491	1449	1436	1316	1398
PD5179bs	1742	1881	1888	1641	1766	1733	1791	1934	1955	1832	1900	1740	1875	1775	1742	1916	1818	1759	1842	1859	1827	1810	2445	1926	1864	1851	1738	1768	1710	2423	2012	1666	2026	1796	2449	1783	1825	1866	1270	1909	2009	1721	0	1793	1858	1826	1702	1884	1742	1801	1848	1883	1639	1780	1870	1755	1814	2017	1755	1811	1741	1731	1827	1767	1882	1770	1911	1841	1772	1842	1745	1770	1883	1977	1831	1868	1792	1834	1925	1983	1959	1993	1806	1775	1829	1690	1739	1796	1760	1763	1635	1709
PD5179bt	1349	1492	1553	1400	1541	1414	1550	1565	1582	1489	1531	1429	1500	1526	1355	1671	1515	1508	1991	1538	1442	1573	2548	1555	1631	1468	1351	1457	1835	2524	1785	1567	1581	1485	2538	1414	1590	1479	1867	1540	1516	1476	1793	0	1645	1605	1481	1527	1311	1426	1625	1530	1414	1555	1495	1522	1439	1782	1524	1576	1506	1428	1610	2066	1653	1389	1694	1614	1453	1527	1416	1401	1574	1594	1450	1407	1621	1443	1624	1632	1716	2136	1575	1550	1600	1391	1492	1427	1421	1544	1246	1336
PD5179bu	1574	1719	1680	1481	1530	1565	1575	1780	1793	1714	1750	1582	1721	1447	1584	1728	1658	1511	2052	1673	1679	1592	2617	1778	1652	1679	1578	1586	1886	2611	1816	1716	1882	1622	2613	1641	1649	1710	1928	1745	1833	1473	1858	1645	0	1574	1456	1732	1590	1645	1682	1721	1445	1410	1704	1425	1654	1765	1589	1609	1429	1563	1505	2143	1626	1598	1627	1539	1616	1682	1615	1610	1721	1819	1657	1694	1696	1662	1785	1847	1669	2205	1598	1589	1567	1540	1417	1642	1592	1571	1453	1547
PD5179bv	1558	1691	1670	1437	1422	1547	1551	1774	1749	1672	1706	1544	1687	1499	1558	1714	1626	1379	2022	1669	1635	1572	2585	1744	1618	1631	1550	1572	1886	2557	1788	1696	1864	1606	2593	1585	1611	1682	1912	1729	1811	1411	1826	1605	1574	0	1408	1708	1540	1609	1630	1695	1417	1496	1672	1473	1620	1703	1571	1581	1459	1541	1547	2147	1608	1590	1639	1551	1596	1654	1583	1598	1675	1799	1655	1622	1648	1634	1753	1813	1613	2185	1584	1565	1519	1502	1443	1614	1570	1543	1419	1519
PD5179bw	1414	1559	1562	1315	1326	1409	1421	1622	1631	1544	1588	1412	1549	1359	1426	1574	1500	1309	1902	1541	1523	1438	2451	1614	1504	1527	1412	1436	1746	2453	1654	1558	1728	1476	2463	1483	1481	1574	1778	1595	1677	1293	1702	1481	1456	1408	0	1574	1424	1485	1528	1583	1291	1378	1544	1341	1480	1583	1433	1441	1333	1401	1419	2005	1498	1454	1533	1429	1438	1514	1449	1454	1559	1671	1513	1504	1526	1510	1617	1691	1497	2061	1460	1449	1369	1378	1323	1482	1420	1415	1305	1393
PD5179by	1412	1467	1642	1507	1644	1513	1665	1618	1533	1538	1562	1520	1525	1655	1418	1780	1628	1607	2078	1635	1551	1664	2645	1588	1728	1515	1458	1566	1936	2647	1880	1684	1740	1588	2663	1437	1681	1604	1954	1511	1735	1591	1884	1527	1732	1708	1574	0	1464	1441	1714	1525	1491	1658	1620	1615	1476	1895	1619	1653	1621	1515	1703	2187	1754	1448	1789	1711	1562	1636	1439	1420	1647	1727	1479	1574	1730	1480	1731	1601	1795	2215	1654	1675	1701	1488	1613	1364	1530	1629	1313	1393
PD5179bz	1292	1441	1486	1347	1474	1357	1489	1528	1515	1418	1474	1368	1429	1477	1300	1622	1448	1455	1948	1479	1383	1508	2497	1494	1570	1399	1294	1400	1790	2477	1706	1526	1572	1430	2493	1349	1537	1414	1798	1479	1523	1415	1742	1311	1590	1540	1424	1464	0	1359	1552	1463	1359	1492	1454	1469	1380	1725	1467	1517	1449	1353	1553	2039	1596	1338	1651	1547	1398	1470	1355	1352	1505	1545	1395	1382	1582	1392	1569	1563	1649	2113	1504	1495	1507	1322	1445	1376	1374	1473	1169	1273
PD5179ca	1317	1418	1555	1406	1535	1426	1552	1521	1498	1437	1429	1423	1442	1542	1303	1677	1519	1520	1971	1538	1450	1575	2552	1471	1629	1412	1375	1457	1827	2536	1789	1583	1673	1493	2550	1354	1600	1511	1863	1464	1622	1482	1801	1426	1645	1609	1485	1441	1359	0	1619	1430	1420	1567	1523	1534	1397	1798	1530	1580	1512	1418	1604	2080	1653	1355	1710	1612	1455	1525	1264	1347	1554	1626	1366	1491	1649	1353	1640	1560	1710	2132	1569	1572	1584	1403	1506	1351	1437	1538	1208	1282
PD5179cb	1554	1689	1676	1419	1588	1545	1593	1762	1767	1668	1726	1560	1699	1577	1560	1660	1642	1547	2034	1675	1649	1608	2605	1744	1656	1651	1564	1578	1884	2591	1814	1700	1868	1614	2611	1613	1577	1698	1916	1725	1825	1529	1848	1625	1682	1630	1528	1714	1552	1619	0	1721	1443	1576	1690	1565	1634	1819	1517	1603	1547	1535	1643	2157	1672	1590	1735	1637	1600	1646	1589	1586	1697	1805	1641	1692	1686	1646	1739	1819	1747	2181	1616	1599	1623	1516	1541	1612	1560	1575	1435	1533
PD5179cc	1415	1526	1655	1488	1631	1516	1642	1595	1590	1523	1507	1537	1524	1644	1409	1765	1615	1616	2067	1656	1560	1667	2662	1553	1717	1506	1459	1555	1913	2634	1865	1685	1761	1575	2668	1466	1682	1599	1953	1558	1730	1590	1883	1530	1721	1695	1583	1525	1463	1430	1721	0	1494	1639	1615	1622	1497	1884	1600	1652	1602	1530	1676	2158	1743	1429	1786	1706	1551	1609	1440	1443	1666	1730	1448	1589	1727	1455	1742	1640	1796	2200	1653	1652	1658	1499	1600	1443	1533	1622	1316	1382
PD5179ce	1361	1472	1489	1252	1337	1336	1290	1557	1556	1463	1511	1349	1494	1340	1343	1507	1435	1332	1833	1458	1448	1299	2396	1541	1369	1444	1345	1391	1675	2386	1517	1505	1653	1399	2416	1416	1432	1491	1703	1534	1616	1306	1639	1414	1445	1417	1291	1491	1359	1420	1443	1494	0	1349	1473	1326	1427	1560	1366	1306	1318	1332	1396	1926	1467	1381	1496	1416	1395	1453	1406	1385	1480	1614	1438	1461	1373	1445	1550	1614	1532	1984	1299	1300	1398	1301	1300	1419	1379	1224	1238	1326
PD5179cf	1486	1635	1620	1387	1432	1485	1489	1702	1695	1606	1652	1476	1643	1347	1488	1660	1578	1413	1960	1595	1583	1496	2535	1694	1554	1587	1490	1524	1822	2525	1730	1610	1792	1520	2545	1551	1563	1632	1848	1653	1767	1387	1780	1555	1410	1496	1378	1658	1492	1567	1576	1639	1349	0	1622	1353	1576	1667	1511	1501	1331	1481	1407	2073	1552	1506	1505	1459	1534	1582	1539	1532	1629	1749	1577	1594	1580	1568	1689	1767	1595	2139	1494	1503	1495	1426	1333	1538	1518	1489	1383	1451
PD5179cg	1450	1587	1616	1477	1596	1477	1619	1646	1663	1588	1612	1494	1585	1597	1452	1742	1576	1581	2042	1621	1541	1636	2611	1656	1680	1565	1448	1526	1900	2605	1854	1652	1740	1554	2637	1511	1649	1600	1926	1631	1721	1549	1870	1495	1704	1672	1544	1620	1454	1523	1690	1615	1473	1622	0	1595	1536	1839	1585	1641	1589	1487	1669	2159	1726	1480	1769	1681	1538	1586	1493	1488	1641	1733	1551	1574	1714	1530	1685	1733	1765	2187	1632	1609	1643	1454	1577	1510	1514	1593	1331	1425
PD5179ch	1463	1604	1595	1356	1397	1456	1460	1675	1670	1585	1641	1461	1588	1292	1469	1629	1549	1382	1955	1580	1550	1481	2516	1653	1539	1564	1481	1485	1805	2494	1707	1595	1769	1509	2530	1520	1548	1603	1811	1648	1728	1346	1755	1522	1425	1473	1341	1615	1469	1534	1565	1622	1326	1353	1595	0	1551	1660	1478	1500	1270	1452	1384	2050	1541	1503	1462	1430	1499	1571	1510	1509	1594	1736	1552	1569	1565	1559	1652	1708	1570	2112	1473	1478	1454	1413	1240	1527	1479	1462	1350	1444
PD5179ci	1318	1471	1580	1443	1558	1439	1565	1546	1543	1422	1498	1450	1483	1553	1314	1686	1536	1535	2002	1573	1477	1588	2573	1536	1648	1421	1396	1464	1860	2537	1808	1616	1688	1526	2571	1395	1613	1524	1882	1501	1637	1503	1814	1439	1654	1620	1480	1476	1380	1397	1634	1497	1427	1576	1536	1551	0	1819	1555	1587	1535	1451	1627	2103	1670	1348	1735	1643	1472	1550	1371	1384	1579	1651	1419	1500	1658	1416	1643	1595	1713	2169	1588	1567	1607	1404	1527	1392	1446	1551	1225	1285
PD5179cj	1743	1884	1853	1622	1647	1710	1694	1915	1934	1869	1897	1729	1852	1670	1721	1879	1809	1622	2075	1826	1800	1701	2758	1943	1749	1826	1739	1745	1905	2750	1919	1861	2033	1787	2776	1766	1808	1859	2073	1906	2004	1610	2017	1782	1765	1703	1583	1895	1725	1798	1819	1884	1560	1667	1839	1660	1819	0	1736	1688	1652	1704	1744	2160	1799	1751	1806	1724	1767	1801	1750	1751	1854	1944	1812	1803	1715	1799	1930	2000	1810	2224	1717	1684	1676	1689	1638	1803	1755	1696	1616	1706
PD5179ck	1473	1620	1605	1334	1505	1464	1500	1689	1670	1593	1635	1461	1598	1494	1471	1535	1543	1482	1941	1582	1556	1515	2508	1667	1591	1568	1465	1497	1797	2490	1741	1621	1777	1515	2510	1522	1418	1625	1813	1642	1730	1432	1755	1524	1589	1571	1433	1619	1467	1530	1517	1600	1366	1511	1585	1478	1555	1736	0	1526	1470	1460	1560	2048	1609	1491	1650	1568	1489	1575	1514	1507	1596	1720	1558	1579	1593	1545	1664	1740	1664	2114	1531	1524	1552	1439	1474	1527	1485	1492	1354	1426
PD5179cl	1521	1646	1651	1414	1511	1508	1408	1687	1718	1627	1685	1501	1652	1510	1509	1657	1603	1478	1851	1620	1598	1413	2566	1703	1499	1614	1509	1537	1691	2536	1673	1659	1821	1563	2562	1566	1586	1661	1863	1680	1792	1466	1811	1576	1609	1581	1441	1653	1517	1580	1603	1652	1306	1501	1641	1500	1587	1688	1526	0	1486	1506	1574	1956	1629	1509	1674	1586	1561	1595	1548	1555	1652	1728	1594	1597	1455	1597	1698	1772	1670	2016	1465	1384	1556	1459	1476	1573	1545	1434	1398	1492
PD5179cm	1451	1582	1585	1348	1377	1434	1462	1665	1666	1587	1623	1447	1588	1274	1455	1615	1527	1364	1905	1566	1550	1469	2508	1647	1537	1550	1447	1487	1765	2498	1683	1593	1759	1503	2514	1496	1540	1581	1795	1628	1716	1316	1741	1506	1429	1459	1333	1621	1449	1512	1547	1602	1318	1331	1589	1270	1535	1652	1470	1486	0	1438	1392	2038	1521	1471	1440	1398	1483	1539	1498	1487	1592	1706	1530	1541	1561	1519	1630	1726	1572	2084	1483	1476	1422	1399	1256	1519	1465	1444	1326	1422
PD5179cn	1351	1488	1485	1336	1457	1344	1474	1571	1582	1477	1525	1325	1498	1448	1357	1603	1411	1452	1929	1374	1454	1505	2492	1547	1557	1456	1357	1355	1769	2458	1709	1523	1661	1417	2486	1422	1500	1499	1777	1534	1616	1412	1731	1428	1563	1541	1401	1515	1353	1418	1535	1530	1332	1481	1487	1452	1451	1704	1460	1506	1438	0	1542	2022	1599	1391	1606	1546	1371	1413	1398	1393	1488	1632	1436	1485	1567	1457	1562	1614	1638	2100	1511	1492	1512	1321	1430	1423	1365	1482	1232	1334
PD5179co	1539	1684	1679	1434	1491	1540	1546	1747	1746	1665	1731	1549	1694	1408	1555	1705	1621	1466	2033	1646	1646	1577	2588	1747	1615	1646	1547	1569	1889	2556	1773	1673	1845	1601	2590	1592	1620	1685	1889	1730	1808	1434	1827	1610	1505	1547	1419	1703	1553	1604	1643	1676	1396	1407	1669	1384	1627	1744	1560	1574	1392	1542	0	2144	1629	1551	1544	1504	1573	1641	1586	1581	1680	1816	1626	1641	1631	1621	1748	1802	1660	2190	1577	1560	1522	1489	1378	1615	1571	1528	1418	1510
PD5179cp	2021	2170	2171	1936	2075	2038	2098	2009	2240	2137	2191	2037	2158	2072	2017	2227	2133	2064	1287	2168	2120	2103	2786	2221	2165	2130	2019	2055	1107	2758	2293	2043	2315	2085	2794	2092	2134	2169	1819	2200	2300	2028	1767	2066	2143	2147	2005	2187	2039	2080	2157	2158	1926	2073	2159	2050	2103	2160	2048	1956	2038	2022	2144	0	2185	1929	2246	2122	2091	2127	2054	2047	2160	2002	2086	2099	2137	2115	2236	2276	2236	1418	2105	2110	2128	1977	2044	2075	2065	2066	1898	1982
PD5179cq	1600	1731	1718	1481	1546	1593	1615	1804	1799	1726	1758	1578	1737	1537	1596	1734	1684	1533	2104	1727	1689	1642	2659	1800	1672	1693	1600	1630	1940	2639	1834	1728	1914	1650	2655	1653	1677	1738	1940	1781	1875	1499	1882	1653	1626	1608	1498	1754	1596	1653	1672	1743	1467	1552	1726	1541	1670	1799	1609	1629	1521	1599	1629	2185	0	1640	1697	1627	1630	1702	1651	1626	1737	1855	1699	1702	1700	1684	1791	1865	1703	2245	1620	1631	1589	1560	1507	1662	1608	1589	1471	1563
PD5179cr	1262	1425	1520	1361	1514	1389	1519	1464	1477	1390	1456	1396	1407	1509	1244	1646	1486	1491	1844	1511	1429	1550	2529	1472	1600	1385	1336	1428	1686	2513	1752	1548	1652	1466	2517	1337	1565	1476	1828	1449	1611	1455	1770	1389	1598	1590	1454	1448	1338	1355	1590	1429	1381	1506	1480	1503	1348	1751	1491	1509	1471	1391	1551	1929	1640	0	1679	1581	1438	1498	1337	1318	1525	1577	1365	1454	1626	1372	1605	1557	1685	2001	1540	1531	1537	1368	1459	1350	1402	1503	1175	1233
PD5179cs	1643	1780	1765	1540	1559	1640	1622	1843	1844	1773	1801	1641	1776	1486	1643	1803	1719	1548	2135	1738	1726	1657	2700	1843	1719	1740	1641	1671	1985	2648	1871	1775	1933	1679	2686	1692	1718	1779	1989	1828	1888	1538	1911	1694	1627	1639	1533	1789	1651	1710	1735	1786	1496	1505	1769	1462	1735	1806	1650	1674	1440	1606	1544	2246	1697	1679	0	1612	1679	1733	1682	1679	1782	1906	1730	1745	1729	1717	1836	1894	1734	2290	1645	1650	1620	1595	1446	1717	1639	1640	1520	1620
PD5179ct	1561	1678	1673	1440	1481	1538	1560	1755	1776	1689	1719	1541	1686	1458	1551	1715	1629	1462	2041	1664	1626	1591	2596	1737	1621	1660	1553	1579	1899	2590	1795	1699	1849	1599	2586	1612	1612	1695	1911	1726	1814	1426	1841	1614	1539	1551	1429	1711	1547	1612	1637	1706	1416	1459	1681	1430	1643	1724	1568	1586	1398	1546	1504	2122	1627	1581	1612	0	1583	1639	1590	1583	1680	1814	1658	1639	1653	1645	1748	1822	1674	2184	1571	1572	1538	1507	1408	1615	1573	1532	1428	1540
PD5179cu	1414	1533	1534	1389	1516	1399	1539	1616	1623	1538	1562	1322	1543	1497	1400	1650	1424	1491	1978	1479	1487	1538	2531	1594	1594	1511	1408	1374	1826	2515	1762	1558	1702	1466	2535	1451	1571	1546	1830	1559	1655	1477	1772	1453	1616	1596	1438	1562	1398	1455	1600	1551	1395	1534	1538	1499	1472	1767	1489	1561	1483	1371	1573	2091	1630	1438	1679	1583	0	1424	1445	1444	1547	1677	1483	1538	1616	1490	1613	1667	1693	2145	1528	1553	1557	1388	1467	1452	1416	1509	1277	1371
PD5179cv	1488	1603	1592	1443	1574	1459	1589	1692	1683	1582	1622	1358	1589	1567	1466	1680	1420	1541	2036	1545	1569	1604	2593	1664	1664	1549	1474	1446	1878	2573	1806	1618	1764	1526	2593	1521	1637	1620	1898	1641	1731	1521	1842	1527	1682	1654	1514	1636	1470	1525	1646	1609	1453	1582	1586	1571	1550	1801	1575	1595	1539	1413	1641	2127	1702	1498	1733	1639	1424	0	1517	1496	1607	1721	1543	1602	1678	1546	1683	1731	1741	2193	1612	1587	1619	1420	1545	1524	1482	1575	1347	1435
PD5179cw	1293	1412	1543	1390	1517	1394	1548	1523	1490	1421	1443	1405	1428	1512	1303	1657	1475	1490	1961	1530	1452	1541	2488	1453	1601	1402	1355	1445	1809	2476	1757	1557	1655	1481	2484	1342	1572	1499	1813	1460	1608	1460	1745	1416	1615	1583	1449	1439	1355	1264	1589	1440	1406	1539	1493	1510	1371	1750	1514	1548	1498	1398	1586	2054	1651	1337	1682	1590	1445	1517	0	1317	1550	1628	1356	1475	1619	1357	1618	1562	1676	2106	1545	1534	1558	1381	1490	1353	1425	1512	1196	1276
PD5179cx	1298	1413	1532	1383	1512	1385	1533	1480	1481	1424	1434	1406	1343	1509	1294	1656	1486	1491	1956	1527	1439	1538	2523	1480	1608	1395	1338	1430	1814	2515	1760	1546	1652	1448	2543	1245	1557	1484	1832	1443	1601	1471	1770	1401	1610	1598	1454	1420	1352	1347	1586	1443	1385	1532	1488	1509	1384	1751	1507	1555	1487	1393	1581	2047	1626	1318	1679	1583	1444	1496	1317	0	1499	1617	1365	1468	1624	1358	1615	1543	1685	2135	1550	1539	1547	1360	1481	1340	1418	1507	1175	1253
PD5179cy	1517	1644	1645	1466	1599	1498	1622	1711	1718	1615	1669	1517	1624	1600	1511	1735	1595	1598	2047	1634	1602	1649	2598	1709	1695	1606	1495	1541	1909	2604	1847	1583	1807	1477	2622	1546	1660	1679	1917	1676	1800	1552	1883	1574	1721	1675	1559	1647	1505	1554	1697	1666	1480	1629	1641	1594	1579	1854	1596	1652	1592	1488	1680	2160	1737	1525	1782	1680	1547	1607	1550	1499	0	1780	1594	1645	1707	1583	1592	1770	1788	2220	1647	1636	1658	1385	1576	1563	1533	1610	1388	1478
PD5179cz	1585	1708	1755	1624	1735	1620	1754	1737	1768	1691	1741	1631	1714	1734	1581	1861	1725	1726	1925	1738	1646	1769	2746	1751	1819	1686	1561	1651	1761	2748	1981	1781	1825	1711	2760	1634	1794	1617	2059	1746	1790	1676	1977	1594	1819	1799	1671	1727	1545	1626	1805	1730	1614	1749	1733	1736	1651	1944	1720	1728	1706	1632	1816	2002	1855	1577	1906	1814	1677	1721	1628	1617	1780	0	1650	1639	1845	1671	1816	1810	1922	2054	1769	1742	1786	1609	1692	1633	1637	1732	1446	1530
PD5179da	1343	1464	1593	1430	1551	1434	1588	1551	1536	1453	1403	1461	1468	1580	1343	1717	1555	1540	2021	1572	1490	1589	2578	1485	1657	1430	1397	1497	1851	2570	1813	1601	1703	1527	2578	1376	1626	1547	1879	1486	1674	1504	1831	1450	1657	1655	1513	1479	1395	1366	1641	1448	1438	1577	1551	1552	1419	1812	1558	1594	1530	1436	1626	2086	1699	1365	1730	1658	1483	1543	1356	1365	1594	1650	0	1529	1661	1391	1664	1572	1748	2168	1595	1582	1620	1423	1540	1371	1463	1564	1230	1300
PD5179db	1440	1569	1628	1477	1560	1481	1613	1636	1637	1560	1608	1502	1563	1573	1446	1750	1584	1523	2012	1623	1519	1634	2625	1624	1692	1543	1412	1526	1844	2627	1854	1658	1638	1570	2619	1475	1653	1554	1922	1611	1623	1525	1868	1407	1694	1622	1504	1574	1382	1491	1692	1589	1461	1594	1574	1569	1500	1803	1579	1597	1541	1485	1641	2099	1702	1454	1745	1639	1538	1602	1475	1468	1645	1639	1529	0	1698	1518	1701	1681	1719	2155	1624	1607	1603	1462	1541	1494	1494	1591	1315	1407
PD5179dc	1596	1721	1712	1481	1562	1587	1457	1804	1781	1702	1750	1582	1723	1571	1566	1728	1660	1561	2072	1665	1675	1428	2621	1786	1554	1671	1600	1616	1916	2625	1746	1690	1876	1644	2649	1635	1653	1718	1862	1767	1865	1507	1792	1621	1696	1648	1526	1730	1582	1649	1686	1727	1373	1580	1714	1565	1658	1715	1593	1455	1561	1567	1631	2137	1700	1626	1729	1653	1616	1678	1619	1624	1707	1845	1661	1698	0	1670	1773	1845	1757	2231	1522	1371	1627	1538	1545	1652	1600	1505	1461	1553
PD5179dd	1332	1451	1578	1435	1560	1441	1573	1548	1529	1474	1478	1452	1473	1555	1322	1704	1552	1549	2040	1587	1469	1598	2589	1496	1652	1431	1392	1474	1878	2569	1808	1628	1700	1524	2579	1389	1617	1524	1894	1487	1643	1501	1834	1443	1662	1634	1510	1480	1392	1353	1646	1455	1445	1568	1530	1559	1416	1799	1545	1597	1519	1457	1621	2115	1684	1372	1717	1645	1490	1546	1357	1358	1583	1671	1391	1518	1670	0	1661	1585	1735	2185	1600	1567	1609	1422	1525	1364	1462	1567	1249	1307
PD5179m	1587	1698	1697	1538	1687	1560	1680	1763	1768	1691	1739	1573	1690	1690	1563	1807	1653	1644	2109	1678	1676	1699	2674	1765	1753	1660	1575	1599	1969	2658	1917	1637	1871	1543	2680	1628	1712	1703	1981	1748	1838	1604	1925	1624	1785	1753	1617	1731	1569	1640	1739	1742	1550	1689	1685	1652	1643	1930	1664	1698	1630	1562	1748	2236	1791	1605	1836	1748	1613	1683	1618	1615	1592	1816	1664	1701	1773	1661	0	1816	1850	2266	1699	1688	1712	1465	1638	1637	1583	1686	1458	1554
PD5179n	1513	1582	1749	1616	1751	1628	1740	1737	1664	1641	1673	1639	1626	1734	1529	1883	1723	1708	2219	1732	1656	1763	2758	1697	1845	1622	1575	1657	2051	2738	1989	1785	1873	1695	2738	1568	1804	1729	2059	1606	1830	1684	1983	1632	1847	1813	1691	1601	1563	1560	1819	1640	1614	1767	1733	1708	1595	2000	1740	1772	1726	1614	1802	2276	1865	1557	1894	1822	1667	1731	1562	1543	1770	1810	1572	1681	1845	1585	1816	0	1918	2344	1761	1762	1786	1603	1714	1515	1629	1742	1406	1482
PD5179o	1645	1792	1781	1544	1537	1660	1660	1863	1848	1787	1813	1639	1790	1590	1665	1797	1715	1514	2129	1750	1732	1665	2700	1857	1745	1750	1651	1679	1977	2680	1879	1785	1941	1695	2676	1710	1722	1801	1991	1810	1910	1528	1959	1716	1669	1613	1497	1795	1649	1710	1747	1796	1532	1595	1765	1570	1713	1810	1664	1670	1572	1638	1660	2236	1703	1685	1734	1674	1693	1741	1676	1685	1788	1922	1748	1719	1757	1735	1850	1918	0	2298	1677	1664	1596	1605	1564	1723	1671	1644	1538	1634
PD5179p	2091	2222	2207	1996	2115	2084	2116	2073	2266	2197	2259	2073	2206	2134	2083	2261	2175	2116	1275	2200	2178	2149	2768	2279	2193	2190	2081	2103	1107	2764	2337	2207	2367	2139	2762	2148	2170	2219	2031	2256	2332	2068	1993	2136	2205	2185	2061	2215	2113	2132	2181	2200	1984	2139	2187	2112	2169	2224	2114	2016	2084	2100	2190	1418	2245	2001	2290	2184	2145	2193	2106	2135	2220	2054	2168	2155	2231	2185	2266	2344	2298	0	2151	2138	2176	2059	2094	2127	2097	2110	1976	2066
PD5179q	1510	1649	1642	1415	1496	1497	1445	1732	1713	1640	1674	1512	1639	1495	1496	1662	1602	1485	2006	1611	1587	1468	2567	1706	1532	1617	1506	1548	1856	2553	1678	1654	1798	1558	2563	1551	1597	1646	1866	1665	1773	1467	1806	1575	1598	1584	1460	1654	1504	1569	1616	1653	1299	1494	1632	1473	1588	1717	1531	1465	1483	1511	1577	2105	1620	1540	1645	1571	1528	1612	1545	1550	1647	1769	1595	1624	1522	1600	1699	1761	1677	2151	0	1447	1553	1462	1455	1562	1518	1427	1399	1479
PD5179r	1509	1638	1629	1392	1485	1506	1382	1717	1710	1611	1663	1511	1634	1486	1495	1637	1593	1482	1993	1608	1602	1351	2544	1685	1493	1594	1495	1519	1839	2536	1673	1647	1809	1557	2536	1548	1574	1641	1855	1672	1780	1424	1775	1550	1589	1565	1449	1675	1495	1572	1599	1652	1300	1503	1609	1478	1567	1684	1524	1384	1476	1492	1560	2110	1631	1531	1650	1572	1553	1587	1534	1539	1636	1742	1582	1607	1371	1567	1688	1762	1664	2138	1447	0	1552	1459	1460	1571	1511	1412	1380	1478
