	PD5163d_lo0001	PD5163d_lo0002	PD5163d_lo0003	PD5163d_lo0004	PD5163d_lo0005	PD5163d_lo0006	PD5163d_lo0007	PD5163d_lo0008	PD5163d_lo0010	PD5163d_lo0011	PD5163d_lo0012	PD5163d_lo0013	PD5163d_lo0014	PD5163d_lo0015	PD5163d_lo0016	PD5163d_lo0017	PD5163d_lo0018	PD5163d_lo0019	PD5163d_lo0020	PD5163d_lo0022	PD5163d_lo0023	PD5163d_lo0024	PD5163d_lo0025	PD5163d_lo0026	PD5163d_lo0027	PD5163d_lo0029	PD5163d_lo0031	PD5163d_lo0033	PD5163d_lo0034	PD5163d_lo0035	PD5163d_lo0036	PD5163d_lo0037	PD5163d_lo0038	PD5163d_lo0039	PD5163d_lo0040	PD5163d_lo0041	PD5163d_lo0042	PD5163d_lo0043	PD5163d_lo0044	PD5163d_lo0045	PD5163d_lo0046	PD5163d_lo0051	PD5163d_lo0055	PD5163d_lo0056	PD5163d_lo0057	PD5163d_lo0058	PD5163d_lo0059	PD5163d_lo0063	PD5163d_lo0064	PD5163d_lo0065	PD5163d_lo0066	PD5163d_lo0067	PD5163d_lo0070	PD5163d_lo0072	PD5163d_lo0073	PD5163d_lo0074	PD5163d_lo0076	PD5163d_lo0077	PD5163d_lo0079	PD5163d_lo0080	PD5163d_lo0081	PD5163d_lo0082	PD5163d_lo0084	PD5163d_lo0085	PD5163d_lo0086	PD5163d_lo0088	PD5163d_lo0089	PD5163d_lo0091	PD5163d_lo0092	PD5163d_lo0094
PD5163d_lo0001	0	2721	2984	2693	2767	2582	2955	2737	2939	2909	2651	2674	2881	2833	2691	2883	2811	2835	2773	3075	2908	2818	2722	2667	2829	2833	2778	3008	2398	2689	2833	2701	2548	2863	2877	2834	2838	2812	2676	2687	2728	2664	2692	2935	2662	2798	2310	2431	2906	2855	2557	2704	2616	2674	2874	2916	2749	2581	2440	2777	2890	2820	2746	2702	2720	2877	2668	2889	3206	2593
PD5163d_lo0002	2721	0	2803	2480	2586	2379	2742	2548	2720	2720	2430	2467	2698	2600	2472	2656	2604	2642	2568	2876	2699	2611	2511	2456	2616	2662	2589	2815	2237	2486	2652	2498	2347	2698	2708	2617	2643	2665	2497	2492	2529	2473	2485	2724	2471	2631	2109	2242	2699	2668	2368	2493	2429	2489	2695	2741	2528	2400	2235	2576	2707	2663	2553	2489	2523	2680	2453	2700	2973	2382
PD5163d_lo0003	2984	2803	0	2817	2883	2706	3043	2873	3043	3025	2771	2794	2645	2959	2839	2983	2969	2941	2873	3203	2500	2924	2870	2787	2927	3001	2918	3136	2532	2821	2471	2827	2666	2995	3019	2476	2956	2938	2806	2809	2860	2818	2820	3059	2760	2936	2422	2089	3002	2505	2683	2788	2740	2796	3012	3066	2897	2717	2576	2905	3012	2968	2886	2824	2868	2507	2784	3009	3298	2725
PD5163d_lo0004	2693	2480	2817	0	2554	2397	2758	2546	2706	2698	2456	2479	2712	2614	2516	2682	2652	2630	2584	2900	2703	2611	2551	2472	2626	2664	2595	2803	2241	2508	2648	2532	2355	2680	2728	2637	2637	2639	2513	2516	2565	2499	2501	2738	2475	2639	2137	2240	2701	2676	2382	2495	2411	2525	2677	2767	2536	2394	2251	2584	2715	2653	2575	2515	2533	2662	2487	2688	2989	2414
PD5163d_lo0005	2767	2586	2883	2554	0	2451	2816	2648	2800	2760	2488	2527	2790	2696	2580	2742	2684	2716	2642	2980	2787	2709	2647	2542	2740	2734	2673	2879	2317	2576	2726	2582	2413	2780	2806	2713	2725	2721	2595	2576	2647	2567	2587	2802	2549	2703	2187	2332	2783	2780	2454	2577	2493	2543	2787	2813	2622	2486	2311	2662	2791	2727	2653	2583	2601	2790	2549	2804	3077	2476
PD5163d_lo0006	2582	2379	2706	2397	2451	0	2627	2433	2597	2579	2341	2354	2605	2525	2379	2571	2529	2535	2447	2779	2610	2518	2424	2355	2505	2559	2480	2696	2128	2403	2539	2401	2226	2595	2609	2512	2498	2532	2406	2415	2434	2374	2390	2611	2322	2508	2010	2143	2572	2569	2261	2388	2312	2382	2592	2626	2429	2303	2118	2499	2588	2522	2432	2368	2442	2573	2348	2577	2896	2245
PD5163d_lo0007	2955	2742	3043	2758	2816	2627	0	2788	2992	2494	2702	2735	2954	2884	2768	2910	2896	2886	2814	3136	2967	2847	2783	2724	2866	2904	2863	2569	2485	2762	2894	2322	2601	2952	2550	2895	2887	2881	2749	2748	2777	2735	2757	2992	2699	2889	2385	2540	2925	2960	2626	2761	2701	2737	2909	3031	2816	2660	2501	2838	2569	2909	2809	2751	2793	2940	2745	2956	3271	2654
PD5163d_lo0008	2737	2548	2873	2546	2648	2433	2788	0	2782	2750	2504	2521	2770	2702	2588	2748	2716	2690	2652	2962	2745	2695	2615	2530	2698	2708	2671	2851	2285	2550	2704	2566	2407	2770	2780	2691	2679	2703	2549	2564	2601	2537	2581	2794	2523	2711	2187	2320	2765	2728	2442	2553	2483	2555	2763	2799	2630	2424	2305	2656	2759	2733	2601	2571	2599	2740	2563	2758	3077	2438
PD5163d_lo0010	2939	2720	3043	2706	2800	2597	2992	2782	0	2952	2682	2697	2948	2880	2726	2894	2864	2846	2814	3140	2931	2839	2785	2712	2838	2914	2829	3051	2475	2748	2888	2750	2591	2908	2954	2877	2879	2893	2739	2750	2803	2721	2745	2996	2697	2869	2363	2468	2899	2904	2622	2715	2657	2727	2929	2979	2784	2638	2471	2822	2977	2883	2801	2747	2773	2900	2707	2926	3249	2650
PD5163d_lo0011	2909	2720	3025	2698	2760	2579	2494	2750	2952	0	2644	2667	2920	2826	2706	2866	2850	2840	2760	3088	2935	2847	2731	2686	2820	2880	2819	2443	2431	2714	2852	2290	2555	2888	2496	2859	2861	2833	2717	2694	2729	2685	2701	2964	2651	2851	2341	2460	2897	2892	2600	2707	2621	2717	2917	2971	2750	2608	2457	2802	2517	2869	2759	2715	2739	2874	2691	2882	3203	2632
PD5163d_lo0012	2651	2430	2771	2456	2488	2341	2702	2504	2682	2644	0	2409	2686	2594	2446	2610	2590	2604	2544	2838	2673	2585	2507	2438	2582	2624	2531	2771	2183	2472	2584	2450	2281	2650	2686	2597	2595	2585	2457	2428	2515	2415	2447	2714	2419	2589	2057	2216	2655	2616	2340	2449	2371	2441	2649	2715	2502	2352	2199	2534	2685	2625	2501	2477	2473	2650	2441	2666	2983	2350
PD5163d_lo0013	2674	2467	2794	2479	2527	2354	2735	2521	2697	2667	2409	0	2673	2599	2475	2643	2597	2609	2543	2871	2700	2592	2528	2441	2609	2621	2562	2796	2208	2495	2633	2485	2304	2649	2685	2628	2624	2598	2444	2443	2518	2454	2476	2703	2436	2604	2080	2227	2668	2637	2333	2466	2392	2464	2664	2704	2531	2381	2204	2567	2698	2640	2528	2474	2486	2663	2448	2689	2990	2367
PD5163d_lo0014	2881	2698	2645	2712	2790	2605	2954	2770	2948	2920	2686	2673	0	2854	2740	2890	2850	2828	2768	3116	2543	2821	2769	2698	2840	2888	2823	3039	2481	2712	2468	2748	2555	2896	2932	2473	2861	2845	2721	2730	2753	2705	2727	2956	2681	2857	2311	2076	2893	2506	2614	2713	2635	2711	2923	2959	2786	2638	2481	2800	2929	2869	2775	2721	2751	2520	2701	2902	3229	2634
PD5163d_lo0015	2833	2600	2959	2614	2696	2525	2884	2702	2880	2826	2594	2599	2854	0	2628	2818	2770	2788	2708	3038	2835	2713	2657	2586	2784	2822	2721	2943	2373	2636	2790	2666	2479	2824	2838	2749	2767	2763	2637	2630	2681	2603	2625	2878	2593	2767	2275	2402	2811	2828	2512	2647	2567	2631	2813	2877	2682	2548	2385	2726	2841	2793	2667	2625	2669	2830	2605	2826	3135	2528
PD5163d_lo0016	2691	2472	2839	2516	2580	2379	2768	2588	2726	2706	2446	2475	2740	2628	0	2674	2622	2640	2584	2926	2719	2629	2557	2474	2644	2666	2589	2807	2239	2504	2662	2510	2351	2688	2732	2657	2641	2651	2485	2512	2563	2493	2521	2738	2475	2623	2123	2278	2707	2700	2360	2503	2457	2499	2699	2761	2564	2412	2239	2602	2727	2691	2563	2529	2533	2698	2483	2720	3017	2406
PD5163d_lo0017	2883	2656	2983	2682	2742	2571	2910	2748	2894	2866	2610	2643	2890	2818	2674	0	2812	2810	2746	3082	2881	2777	2703	2660	2820	2852	2755	2957	2419	2684	2824	2676	2533	2878	2890	2827	2821	2809	2689	2646	2735	2661	2679	2914	2637	2797	2291	2432	2871	2850	2558	2657	2611	2645	2845	2929	2724	2594	2429	2764	2877	2839	2727	2689	2705	2870	2669	2896	3171	2576
PD5163d_lo0018	2811	2604	2969	2652	2684	2529	2896	2716	2864	2850	2590	2597	2850	2770	2622	2812	0	2778	2706	3034	2875	2771	2699	2598	2786	2802	2743	2941	2371	2654	2810	2662	2481	2830	2856	2781	2763	2755	2633	2654	2721	2631	2651	2884	2633	2789	2269	2400	2821	2824	2512	2641	2577	2615	2839	2895	2704	2566	2401	2726	2847	2799	2707	2633	2679	2832	2631	2840	3117	2528
PD5163d_lo0019	2835	2642	2941	2630	2716	2535	2886	2690	2846	2840	2604	2609	2828	2788	2640	2810	2778	0	2686	3050	2831	2755	2703	2624	2742	2818	2707	2939	2373	2660	2774	2670	2481	2804	2854	2785	2779	2775	2645	2618	2707	2625	2645	2884	2613	2745	2273	2376	2845	2820	2520	2623	2561	2653	2847	2923	2680	2554	2421	2696	2865	2791	2699	2669	2705	2818	2643	2820	3163	2542
PD5163d_lo0020	2773	2568	2873	2584	2642	2447	2814	2652	2814	2760	2544	2543	2768	2708	2584	2746	2706	2686	0	2982	2769	2693	2599	2562	2700	2730	2641	2883	2315	2592	2728	2608	2407	2772	2778	2697	2705	2713	2573	2586	2631	2561	2575	2780	2541	2707	2207	2334	2771	2748	2448	2567	2511	2585	2773	2787	2630	2476	2279	2648	2801	2713	2581	2529	2595	2750	2519	2796	3049	2458
PD5163d_lo0022	3075	2876	3203	2900	2980	2779	3136	2962	3140	3088	2838	2871	3116	3038	2926	3082	3034	3050	2982	0	3123	3013	2937	2856	3022	3072	2997	3189	2667	2912	3048	2924	2753	3100	3098	3033	3047	3037	2907	2900	2955	2895	2895	3136	2875	3045	2537	2672	3103	3078	2760	2913	2831	2889	3085	3133	2916	2846	2645	2994	3053	3015	2931	2897	2937	3086	2873	3088	3381	2782
PD5163d_lo0023	2908	2699	2500	2703	2787	2610	2967	2745	2931	2935	2673	2700	2543	2835	2719	2881	2875	2831	2769	3123	0	2804	2768	2683	2847	2869	2812	3032	2462	2715	2289	2735	2556	2887	2937	2114	2848	2838	2730	2719	2774	2708	2726	2947	2658	2868	2328	1795	2918	2349	2585	2698	2622	2714	2910	2964	2757	2625	2466	2795	2914	2888	2786	2720	2758	2405	2714	2887	3206	2647
PD5163d_lo0024	2818	2611	2924	2611	2709	2518	2847	2695	2839	2847	2585	2592	2821	2713	2629	2777	2771	2755	2693	3013	2804	0	2674	2599	2727	2801	2704	2936	2356	2631	2749	2643	2494	2781	2861	2732	2768	2760	2646	2611	2678	2610	2638	2853	2614	2772	2248	2375	2824	2787	2479	2618	2530	2616	2818	2878	2691	2533	2392	2747	2846	2792	2676	2632	2684	2783	2598	2801	3102	2511
PD5163d_lo0025	2722	2511	2870	2551	2647	2424	2783	2615	2785	2731	2507	2528	2769	2657	2557	2703	2699	2703	2599	2937	2768	2674	0	2535	2681	2705	2622	2846	2276	2541	2705	2547	2364	2749	2759	2682	2676	2692	2556	2543	2602	2516	2512	2797	2502	2674	2166	2319	2758	2729	2431	2532	2478	2538	2748	2790	2581	2451	2304	2629	2756	2702	2584	2558	2574	2735	2536	2739	3072	2425
PD5163d_lo0026	2667	2456	2787	2472	2542	2355	2724	2530	2712	2686	2438	2441	2698	2586	2474	2660	2598	2624	2562	2856	2683	2599	2535	0	2600	2646	2579	2773	2229	2482	2624	2488	2327	2688	2714	2609	2631	2629	2493	2478	2545	2471	2481	2712	2449	2613	2089	2226	2657	2636	2340	2477	2395	2471	2665	2713	2536	2392	2223	2588	2699	2631	2515	2495	2521	2638	2435	2708	2979	2360
PD5163d_lo0027	2829	2616	2927	2626	2740	2505	2866	2698	2838	2820	2582	2609	2840	2784	2644	2820	2786	2742	2700	3022	2847	2727	2681	2600	0	2802	2723	2941	2365	2650	2790	2666	2481	2814	2880	2753	2769	2767	2651	2670	2673	2615	2637	2888	2599	2759	2277	2414	2841	2804	2498	2629	2547	2625	2819	2871	2696	2544	2393	2712	2845	2761	2691	2659	2669	2808	2639	2832	3141	2534
PD5163d_lo0029	2833	2662	3001	2664	2734	2559	2904	2708	2914	2880	2624	2621	2888	2822	2666	2852	2802	2818	2730	3072	2869	2801	2705	2646	2802	0	2755	2965	2407	2656	2840	2692	2517	2854	2898	2813	2763	2825	2631	2676	2723	2659	2669	2882	2645	2761	2293	2426	2857	2832	2524	2669	2623	2643	2863	2913	2726	2570	2413	2764	2867	2835	2707	2677	2719	2878	2653	2872	3153	2566
PD5163d_lo0031	2778	2589	2918	2595	2673	2480	2863	2671	2829	2819	2531	2562	2823	2721	2589	2755	2743	2707	2641	2997	2812	2704	2622	2579	2723	2755	0	2896	2332	2589	2735	2623	2432	2785	2813	2742	2722	2730	2594	2573	2650	2584	2584	2835	2568	2740	2220	2367	2804	2777	2487	2586	2504	2594	2786	2802	2653	2505	2346	2697	2812	2744	2634	2584	2642	2765	2554	2803	3086	2479
PD5163d_lo0033	3008	2815	3136	2803	2879	2696	2569	2851	3051	2443	2771	2796	3039	2943	2807	2957	2941	2939	2883	3189	3032	2936	2846	2773	2941	2965	2896	0	2556	2795	2953	2377	2658	3015	2605	2958	2926	2932	2806	2795	2864	2788	2806	3043	2748	2924	2438	2567	2986	2985	2683	2798	2716	2816	3010	3066	2865	2709	2574	2929	2626	2958	2834	2814	2844	2987	2796	2987	3258	2699
PD5163d_lo0034	2398	2237	2532	2241	2317	2128	2485	2285	2475	2431	2183	2208	2481	2373	2239	2419	2371	2373	2315	2667	2462	2356	2276	2229	2365	2407	2332	2556	0	2259	2383	2249	2068	2439	2451	2380	2364	2374	2256	2237	2304	2214	2238	2485	2200	2374	1856	1993	2444	2417	2113	2238	2166	2212	2430	2490	2303	2121	1980	2337	2456	2384	2306	2242	2272	2415	2224	2441	2740	2135
PD5163d_lo0035	2689	2486	2821	2508	2576	2403	2762	2550	2748	2714	2472	2495	2712	2636	2504	2684	2654	2660	2592	2912	2715	2631	2541	2482	2650	2656	2589	2795	2259	0	2652	2516	2327	2714	2746	2657	2649	2631	2513	2522	2565	2495	2491	2770	2487	2661	2121	2266	2699	2674	2376	2489	2425	2475	2711	2757	2552	2418	2257	2608	2739	2683	2577	2511	2561	2712	2493	2694	2999	2384
PD5163d_lo0036	2833	2652	2471	2648	2726	2539	2894	2704	2888	2852	2584	2633	2468	2790	2662	2824	2810	2774	2728	3048	2289	2749	2705	2624	2790	2840	2735	2953	2383	2652	0	2664	2485	2834	2878	2217	2805	2773	2649	2634	2691	2633	2657	2880	2607	2767	2267	1838	2851	2306	2544	2621	2567	2641	2849	2905	2722	2576	2401	2728	2895	2817	2715	2641	2683	2320	2633	2822	3141	2544
PD5163d_lo0037	2701	2498	2827	2532	2582	2401	2322	2566	2750	2290	2450	2485	2748	2666	2510	2676	2662	2670	2608	2924	2735	2643	2547	2488	2666	2692	2623	2377	2249	2516	2664	0	2349	2692	2322	2683	2657	2629	2503	2512	2577	2493	2519	2754	2477	2643	2133	2266	2735	2696	2410	2503	2453	2511	2711	2771	2582	2426	2267	2600	2351	2673	2571	2517	2533	2712	2509	2720	3041	2418
PD5163d_lo0038	2548	2347	2666	2355	2413	2226	2601	2407	2591	2555	2281	2304	2555	2479	2351	2533	2481	2481	2407	2753	2556	2494	2364	2327	2481	2517	2432	2658	2068	2327	2485	2349	0	2537	2573	2446	2468	2488	2354	2357	2412	2338	2316	2599	2324	2478	1956	2091	2554	2531	2213	2346	2274	2310	2540	2594	2395	2249	2100	2449	2586	2518	2424	2354	2380	2523	2296	2545	2858	2239
PD5163d_lo0039	2863	2698	2995	2680	2780	2595	2952	2770	2908	2888	2650	2649	2896	2824	2688	2878	2830	2804	2772	3100	2887	2781	2749	2688	2814	2854	2785	3015	2439	2714	2834	2692	2537	0	2906	2795	2851	2849	2705	2694	2751	2695	2705	2910	2677	2817	2293	2446	2901	2864	2580	2699	2589	2695	2899	2965	2756	2604	2463	2798	2895	2833	2749	2705	2713	2870	2679	2914	3197	2584
PD5163d_lo0040	2877	2708	3019	2728	2806	2609	2550	2780	2954	2496	2686	2685	2932	2838	2732	2890	2856	2854	2778	3098	2937	2861	2759	2714	2880	2898	2813	2605	2451	2746	2878	2322	2573	2906	0	2857	2861	2845	2747	2702	2751	2717	2749	2968	2677	2867	2349	2490	2925	2884	2612	2737	2669	2735	2893	2981	2788	2644	2453	2828	2539	2877	2783	2733	2751	2912	2723	2916	3241	2630
PD5163d_lo0041	2834	2617	2476	2637	2713	2512	2895	2691	2877	2859	2597	2628	2473	2749	2657	2827	2781	2785	2697	3033	2114	2732	2682	2609	2753	2813	2742	2958	2380	2657	2217	2683	2446	2795	2857	0	2768	2752	2636	2653	2706	2628	2646	2879	2590	2784	2274	1719	2838	2321	2517	2632	2544	2642	2834	2890	2673	2535	2400	2693	2864	2814	2706	2646	2678	2295	2626	2829	3162	2537
PD5163d_lo0042	2838	2643	2956	2637	2725	2498	2887	2679	2879	2861	2595	2624	2861	2767	2641	2821	2763	2779	2705	3047	2848	2768	2676	2631	2769	2763	2722	2926	2364	2649	2805	2657	2468	2851	2861	2768	0	2792	2608	2639	2692	2630	2636	2865	2590	2760	2266	2413	2860	2833	2507	2646	2564	2646	2844	2898	2683	2557	2384	2721	2836	2786	2702	2646	2676	2811	2616	2829	3144	2529
PD5163d_lo0043	2812	2665	2938	2639	2721	2532	2881	2703	2893	2833	2585	2598	2845	2763	2651	2809	2755	2775	2713	3037	2838	2760	2692	2629	2767	2825	2730	2932	2374	2631	2773	2629	2488	2849	2845	2752	2792	0	2632	2623	2732	2642	2634	2859	2618	2778	2264	2385	2832	2805	2531	2654	2580	2628	2826	2894	2701	2545	2370	2729	2852	2810	2702	2674	2670	2811	2640	2831	3138	2539
PD5163d_lo0044	2676	2497	2806	2513	2595	2406	2749	2549	2739	2717	2457	2444	2721	2637	2485	2689	2633	2645	2573	2907	2730	2646	2556	2493	2651	2631	2594	2806	2256	2513	2649	2503	2354	2705	2747	2636	2608	2632	0	2509	2570	2500	2522	2733	2490	2620	2134	2269	2702	2689	2383	2508	2432	2504	2694	2748	2577	2425	2236	2583	2702	2666	2560	2496	2546	2697	2470	2737	3018	2405
PD5163d_lo0045	2687	2492	2809	2516	2576	2415	2748	2564	2750	2694	2428	2443	2730	2630	2512	2646	2654	2618	2586	2900	2719	2611	2543	2478	2670	2676	2573	2795	2237	2522	2634	2512	2357	2694	2702	2653	2639	2623	2509	0	2549	2477	2509	2728	2455	2613	2111	2266	2707	2692	2374	2509	2425	2495	2711	2743	2564	2396	2261	2596	2709	2647	2583	2513	2545	2692	2489	2710	3021	2406
PD5163d_lo0046	2728	2529	2860	2565	2647	2434	2777	2601	2803	2729	2515	2518	2753	2681	2563	2735	2721	2707	2631	2955	2774	2678	2602	2545	2673	2723	2650	2864	2304	2565	2691	2577	2412	2751	2751	2706	2692	2732	2570	2549	0	2510	2548	2795	2484	2686	2198	2319	2780	2725	2437	2530	2480	2532	2724	2812	2605	2449	2302	2649	2760	2718	2628	2556	2602	2705	2538	2743	3054	2451
PD5163d_lo0051	2664	2473	2818	2499	2567	2374	2735	2537	2721	2685	2415	2454	2705	2603	2493	2661	2631	2625	2561	2895	2708	2610	2516	2471	2615	2659	2584	2788	2214	2495	2633	2493	2338	2695	2717	2628	2630	2642	2500	2477	2510	0	2484	2735	2456	2630	2108	2235	2694	2669	2371	2458	2418	2476	2670	2740	2563	2373	2210	2553	2694	2650	2554	2498	2554	2693	2494	2707	2976	2385
PD5163d_lo0055	2692	2485	2820	2501	2587	2390	2757	2581	2745	2701	2447	2476	2727	2625	2521	2679	2651	2645	2575	2895	2726	2638	2512	2481	2637	2669	2584	2806	2238	2491	2657	2519	2316	2705	2749	2646	2636	2634	2522	2509	2548	2484	0	2763	2480	2648	2124	2269	2720	2681	2385	2492	2412	2504	2690	2754	2561	2401	2254	2625	2720	2670	2556	2522	2564	2679	2508	2715	3024	2401
PD5163d_lo0056	2935	2724	3059	2738	2802	2611	2992	2794	2996	2964	2714	2703	2956	2878	2738	2914	2884	2884	2780	3136	2947	2853	2797	2712	2888	2882	2835	3043	2485	2770	2880	2754	2599	2910	2968	2879	2865	2859	2733	2728	2795	2735	2763	0	2713	2865	2363	2506	2929	2926	2590	2763	2657	2735	2953	2951	2770	2624	2481	2836	2945	2861	2735	2735	2815	2934	2697	2972	3235	2620
PD5163d_lo0057	2662	2471	2760	2475	2549	2322	2699	2523	2697	2651	2419	2436	2681	2593	2475	2637	2633	2613	2541	2875	2658	2614	2502	2449	2599	2645	2568	2748	2200	2487	2607	2477	2324	2677	2677	2590	2590	2618	2490	2455	2484	2456	2480	2713	0	2616	2104	2215	2686	2629	2345	2472	2382	2452	2684	2708	2527	2373	2230	2577	2678	2634	2524	2470	2534	2625	2452	2643	2970	2359
PD5163d_lo0058	2798	2631	2936	2639	2703	2508	2889	2711	2869	2851	2589	2604	2857	2767	2623	2797	2789	2745	2707	3045	2868	2772	2674	2613	2759	2761	2740	2924	2374	2661	2767	2643	2478	2817	2867	2784	2760	2778	2620	2613	2686	2630	2648	2865	2616	0	2246	2383	2878	2815	2525	2624	2568	2628	2844	2868	2691	2537	2388	2725	2854	2810	2712	2648	2676	2807	2614	2857	3134	2533
PD5163d_lo0059	2310	2109	2422	2137	2187	2010	2385	2187	2363	2341	2057	2080	2311	2275	2123	2291	2269	2273	2207	2537	2328	2248	2166	2089	2277	2293	2220	2438	1856	2121	2267	2133	1956	2293	2349	2274	2266	2264	2134	2111	2198	2108	2124	2363	2104	2246	0	1859	2330	2293	1977	2134	2058	2106	2334	2382	2193	2027	1858	2225	2352	2292	2194	2122	2156	2289	2112	2359	2640	2005
PD5163d_lo0063	2431	2242	2089	2240	2332	2143	2540	2320	2468	2460	2216	2227	2076	2402	2278	2432	2400	2376	2334	2672	1795	2375	2319	2226	2414	2426	2367	2567	1993	2266	1838	2266	2091	2446	2490	1719	2413	2385	2269	2266	2319	2235	2269	2506	2215	2383	1859	0	2473	1916	2150	2235	2161	2253	2475	2533	2320	2164	1999	2338	2493	2433	2321	2275	2305	1928	2265	2454	2777	2134
PD5163d_lo0064	2906	2699	3002	2701	2783	2572	2925	2765	2899	2897	2655	2668	2893	2811	2707	2871	2821	2845	2771	3103	2918	2824	2758	2657	2841	2857	2804	2986	2444	2699	2851	2735	2554	2901	2925	2838	2860	2832	2702	2707	2780	2694	2720	2929	2686	2878	2330	2473	0	2857	2579	2726	2630	2692	2884	2978	2769	2627	2472	2793	2922	2850	2762	2706	2768	2897	2696	2911	3192	2597
PD5163d_lo0065	2855	2668	2505	2676	2780	2569	2960	2728	2904	2892	2616	2637	2506	2828	2700	2850	2824	2820	2748	3078	2349	2787	2729	2636	2804	2832	2777	2985	2417	2674	2306	2696	2531	2864	2884	2321	2833	2805	2689	2692	2725	2669	2681	2926	2629	2815	2293	1916	2857	0	2580	2671	2579	2667	2865	2945	2746	2592	2417	2758	2863	2833	2733	2651	2739	2202	2657	2862	3185	2594
PD5163d_lo0066	2557	2368	2683	2382	2454	2261	2626	2442	2622	2600	2340	2333	2614	2512	2360	2558	2512	2520	2448	2760	2585	2479	2431	2340	2498	2524	2487	2683	2113	2376	2544	2410	2213	2580	2612	2517	2507	2531	2383	2374	2437	2371	2385	2590	2345	2525	1977	2150	2579	2580	0	2389	2299	2355	2581	2605	2428	2280	2111	2472	2599	2541	2437	2387	2417	2572	2351	2614	2879	2278
PD5163d_lo0067	2704	2493	2788	2495	2577	2388	2761	2553	2715	2707	2449	2466	2713	2647	2503	2657	2641	2623	2567	2913	2698	2618	2532	2477	2629	2669	2586	2798	2238	2489	2621	2503	2346	2699	2737	2632	2646	2654	2508	2509	2530	2458	2492	2763	2472	2624	2134	2235	2726	2671	2389	0	2424	2488	2690	2756	2561	2387	2254	2585	2726	2660	2574	2526	2538	2673	2468	2699	3024	2415
PD5163d_lo0070	2616	2429	2740	2411	2493	2312	2701	2483	2657	2621	2371	2392	2635	2567	2457	2611	2577	2561	2511	2831	2622	2530	2478	2395	2547	2623	2504	2716	2166	2425	2567	2453	2274	2589	2669	2544	2564	2580	2432	2425	2480	2418	2412	2657	2382	2568	2058	2161	2630	2579	2299	2424	0	2414	2628	2662	2483	2317	2178	2491	2650	2592	2484	2430	2466	2615	2420	2609	2956	2331
PD5163d_lo0072	2674	2489	2796	2525	2543	2382	2737	2555	2727	2717	2441	2464	2711	2631	2499	2645	2615	2653	2585	2889	2714	2616	2538	2471	2625	2643	2594	2816	2212	2475	2641	2511	2310	2695	2735	2642	2646	2628	2504	2495	2532	2476	2504	2735	2452	2628	2106	2253	2692	2667	2355	2488	2414	0	2694	2744	2565	2393	2234	2601	2712	2662	2542	2508	2532	2677	2466	2705	3018	2401
PD5163d_lo0073	2874	2695	3012	2677	2787	2592	2909	2763	2929	2917	2649	2664	2923	2813	2699	2845	2839	2847	2773	3085	2910	2818	2748	2665	2819	2863	2786	3010	2430	2711	2849	2711	2540	2899	2893	2834	2844	2826	2694	2711	2724	2670	2690	2953	2684	2844	2334	2475	2884	2865	2581	2690	2628	2694	0	2940	2743	2627	2448	2793	2910	2836	2760	2680	2720	2899	2694	2887	3160	2593
PD5163d_lo0074	2916	2741	3066	2767	2813	2626	3031	2799	2979	2971	2715	2704	2959	2877	2761	2929	2895	2923	2787	3133	2964	2878	2790	2713	2871	2913	2802	3066	2490	2757	2905	2771	2594	2965	2981	2890	2898	2894	2748	2743	2812	2740	2754	2951	2708	2868	2382	2533	2978	2945	2605	2756	2662	2744	2940	0	2803	2665	2496	2853	2968	2868	2766	2728	2778	2951	2720	2965	3236	2587
PD5163d_lo0076	2749	2528	2897	2536	2622	2429	2816	2630	2784	2750	2502	2531	2786	2682	2564	2724	2704	2680	2630	2916	2757	2691	2581	2536	2696	2726	2653	2865	2303	2552	2722	2582	2395	2756	2788	2673	2683	2701	2577	2564	2605	2563	2561	2770	2527	2691	2193	2320	2769	2746	2428	2561	2483	2565	2743	2803	0	2474	2297	2648	2791	2735	2605	2573	2583	2754	2549	2768	3059	2464
PD5163d_lo0077	2581	2400	2717	2394	2486	2303	2660	2424	2638	2608	2352	2381	2638	2548	2412	2594	2566	2554	2476	2846	2625	2533	2451	2392	2544	2570	2505	2709	2121	2418	2576	2426	2249	2604	2644	2535	2557	2545	2425	2396	2449	2373	2401	2624	2373	2537	2027	2164	2627	2592	2280	2387	2317	2393	2627	2665	2474	0	2157	2498	2621	2575	2479	2421	2449	2582	2401	2622	2921	2308
PD5163d_lo0079	2440	2235	2576	2251	2311	2118	2501	2305	2471	2457	2199	2204	2481	2385	2239	2429	2401	2421	2279	2645	2466	2392	2304	2223	2393	2413	2346	2574	1980	2257	2401	2267	2100	2463	2453	2400	2384	2370	2236	2261	2302	2210	2254	2481	2230	2388	1858	1999	2472	2417	2111	2254	2178	2234	2448	2496	2297	2157	0	2339	2482	2406	2294	2234	2276	2417	2210	2483	2786	2137
PD5163d_lo0080	2777	2576	2905	2584	2662	2499	2838	2656	2822	2802	2534	2567	2800	2726	2602	2764	2726	2696	2648	2994	2795	2747	2629	2588	2712	2764	2697	2929	2337	2608	2728	2600	2449	2798	2828	2693	2721	2729	2583	2596	2649	2553	2625	2836	2577	2725	2225	2338	2793	2758	2472	2585	2491	2601	2793	2853	2648	2498	2339	0	2835	2765	2657	2607	2623	2770	2557	2788	3075	2476
PD5163d_lo0081	2890	2707	3012	2715	2791	2588	2569	2759	2977	2517	2685	2698	2929	2841	2727	2877	2847	2865	2801	3053	2914	2846	2756	2699	2845	2867	2812	2626	2456	2739	2895	2351	2586	2895	2539	2864	2836	2852	2702	2709	2760	2694	2720	2945	2678	2854	2352	2493	2922	2863	2599	2726	2650	2712	2910	2968	2791	2621	2482	2835	0	2832	2736	2718	2706	2909	2692	2841	3232	2641
PD5163d_lo0082	2820	2663	2968	2653	2727	2522	2909	2733	2883	2869	2625	2640	2869	2793	2691	2839	2799	2791	2713	3015	2888	2792	2702	2631	2761	2835	2744	2958	2384	2683	2817	2673	2518	2833	2877	2814	2786	2810	2666	2647	2718	2650	2670	2861	2634	2810	2292	2433	2850	2833	2541	2660	2592	2662	2836	2868	2735	2575	2406	2765	2832	0	2654	2664	2696	2833	2630	2831	3130	2537
PD5163d_lo0084	2746	2553	2886	2575	2653	2432	2809	2601	2801	2759	2501	2528	2775	2667	2563	2727	2707	2699	2581	2931	2786	2676	2584	2515	2691	2707	2634	2834	2306	2577	2715	2571	2424	2749	2783	2706	2702	2702	2560	2583	2628	2554	2556	2735	2524	2712	2194	2321	2762	2733	2437	2574	2484	2542	2760	2766	2605	2479	2294	2657	2736	2654	0	2534	2588	2755	2500	2741	3032	2445
PD5163d_lo0085	2702	2489	2824	2515	2583	2368	2751	2571	2747	2715	2477	2474	2721	2625	2529	2689	2633	2669	2529	2897	2720	2632	2558	2495	2659	2677	2584	2814	2242	2511	2641	2517	2354	2705	2733	2646	2646	2674	2496	2513	2556	2498	2522	2735	2470	2648	2122	2275	2706	2651	2387	2526	2430	2508	2680	2728	2573	2421	2234	2607	2718	2664	2534	0	2552	2683	2466	2701	2986	2383
PD5163d_lo0086	2720	2523	2868	2533	2601	2442	2793	2599	2773	2739	2473	2486	2751	2669	2533	2705	2679	2705	2595	2937	2758	2684	2574	2521	2669	2719	2642	2844	2272	2561	2683	2533	2380	2713	2751	2678	2676	2670	2546	2545	2602	2554	2564	2815	2534	2676	2156	2305	2768	2739	2417	2538	2466	2532	2720	2778	2583	2449	2276	2623	2706	2696	2588	2552	0	2741	2510	2757	3040	2449
PD5163d_lo0088	2877	2680	2507	2662	2790	2573	2940	2740	2900	2874	2650	2663	2520	2830	2698	2870	2832	2818	2750	3086	2405	2783	2735	2638	2808	2878	2765	2987	2415	2712	2320	2712	2523	2870	2912	2295	2811	2811	2697	2692	2705	2693	2679	2934	2625	2807	2289	1928	2897	2202	2572	2673	2615	2677	2899	2951	2754	2582	2417	2770	2909	2833	2755	2683	2741	0	2681	2878	3175	2600
PD5163d_lo0089	2668	2453	2784	2487	2549	2348	2745	2563	2707	2691	2441	2448	2701	2605	2483	2669	2631	2643	2519	2873	2714	2598	2536	2435	2639	2653	2554	2796	2224	2493	2633	2509	2296	2679	2723	2626	2616	2640	2470	2489	2538	2494	2508	2697	2452	2614	2112	2265	2696	2657	2351	2468	2420	2466	2694	2720	2549	2401	2210	2557	2692	2630	2500	2466	2510	2681	0	2665	2996	2359
PD5163d_lo0091	2889	2700	3009	2688	2804	2577	2956	2758	2926	2882	2666	2689	2902	2826	2720	2896	2840	2820	2796	3088	2887	2801	2739	2708	2832	2872	2803	2987	2441	2694	2822	2720	2545	2914	2916	2829	2829	2831	2737	2710	2743	2707	2715	2972	2643	2857	2359	2454	2911	2862	2614	2699	2609	2705	2887	2965	2768	2622	2483	2788	2841	2831	2741	2701	2757	2878	2665	0	3205	2606
PD5163d_lo0092	3206	2973	3298	2989	3077	2896	3271	3077	3249	3203	2983	2990	3229	3135	3017	3171	3117	3163	3049	3381	3206	3102	3072	2979	3141	3153	3086	3258	2740	2999	3141	3041	2858	3197	3241	3162	3144	3138	3018	3021	3054	2976	3024	3235	2970	3134	2640	2777	3192	3185	2879	3024	2956	3018	3160	3236	3059	2921	2786	3075	3232	3130	3032	2986	3040	3175	2996	3205	0	2907
PD5163d_lo0094	2593	2382	2725	2414	2476	2245	2654	2438	2650	2632	2350	2367	2634	2528	2406	2576	2528	2542	2458	2782	2647	2511	2425	2360	2534	2566	2479	2699	2135	2384	2544	2418	2239	2584	2630	2537	2529	2539	2405	2406	2451	2385	2401	2620	2359	2533	2005	2134	2597	2594	2278	2415	2331	2401	2593	2587	2464	2308	2137	2476	2641	2537	2445	2383	2449	2600	2359	2606	2907	0
