	PD5117aa	PD5117ab	PD5117ac	PD5117ad	PD5117ae	PD5117af	PD5117ag	PD5117ah	PD5117ai	PD5117aj	PD5117ak	PD5117al	PD5117am	PD5117an	PD5117ao	PD5117ap	PD5117aq	PD5117as	PD5117at	PD5117au	PD5117av	PD5117aw	PD5117ax	PD5117az	PD5117ba	PD5117bb	PD5117bc	PD5117bd	PD5117be	PD5117bf	PD5117bg	PD5117bh	PD5117bi	PD5117bj	PD5117bk	PD5117bl	PD5117bm	PD5117bn	PD5117bo	PD5117bp	PD5117br	PD5117bs	PD5117bt	PD5117bu	PD5117bv	PD5117bw	PD5117bx	PD5117by	PD5117bz	PD5117ca	PD5117cb	PD5117cc	PD5117cd	PD5117ce	PD5117cg	PD5117ch	PD5117ci	PD5117cj	PD5117ck	PD5117cl	PD5117cm	PD5117cn	PD5117co	PD5117cp	PD5117cq	PD5117cr	PD5117cs	PD5117ct	PD5117cu	PD5117cv	PD5117cw	PD5117cx	PD5117cy	PD5117cz	PD5117da	PD5117db	PD5117dc	PD5117dd	PD5117de	PD5117n	PD5117s	PD5117t	PD5117u	PD5117v	PD5117w	PD5117x	PD5117y	PD5117z
PD5117aa	0	5241	5225	5103	4799	4400	4856	4682	4588	4347	4875	4493	5137	5095	5247	4781	4941	4910	4582	4689	4292	4030	5130	4638	4523	4823	4759	4860	4734	4804	4411	4554	4621	4352	4604	5312	4610	3935	4873	4483	4903	4798	4308	4587	4555	5059	4306	4838	4769	4363	4426	4621	4772	4789	5032	4660	4059	4583	4486	4750	4135	5096	4741	4922	4867	4452	5235	4645	4571	4420	4581	3810	3956	4542	4793	5116	4694	4759	4701	4845	4882	4585	3988	5247	4678	4731	4698	4506
PD5117ab	5241	0	5360	5816	4960	5059	5023	4861	5291	5354	5072	5172	5294	5230	5362	4934	5072	5613	5621	5540	4639	5055	5233	4825	5288	4978	5424	5549	5459	4967	5026	5251	5314	5389	4771	5467	5431	4730	5058	5298	5056	5511	5019	4764	5570	5212	5373	5491	5020	5378	5095	4756	5537	4956	5229	5425	4876	4722	4683	5423	5130	5255	4900	5633	5606	5105	5394	5460	4782	5433	5608	4823	4989	4719	4992	5277	4841	5748	5506	5006	5029	5324	4997	5392	5395	5408	5311	5255
PD5117ac	5225	5360	0	5748	4954	5033	4953	4831	5249	5304	5000	5114	5304	5174	4928	4892	3602	5535	5569	5492	4589	5005	5215	4743	5260	4924	5414	5515	5343	4921	4982	5201	5276	5349	4735	5393	5393	4670	4986	5236	5026	5451	4991	3690	5486	5190	5325	5425	4962	5328	5053	4720	5501	4916	5199	5349	4828	4660	4643	5375	5078	5197	4880	5625	5554	5095	5310	5432	4750	5379	5556	4787	4939	4687	4944	5241	4785	5722	5486	4998	5005	5268	4983	5344	5295	5358	5253	5187
PD5117ad	5103	5816	5748	0	5366	4765	5361	5249	4867	5198	5426	4820	5678	5608	5784	5278	5498	5381	5449	5342	4811	4921	5649	5195	5116	5336	5278	4687	5089	5319	4958	4427	5114	5209	5105	5833	5227	4600	5414	5132	5410	5321	4815	5128	5412	5588	5207	5215	5318	5230	4847	5160	5417	5320	5603	5193	4730	5130	5043	5125	4966	5661	5246	5393	5476	4315	5764	5306	5160	5239	5410	4657	4835	5075	5340	5665	5237	5586	5370	5382	5437	5044	4859	5726	5157	4562	5243	4945
PD5117ae	4799	4960	4954	5366	0	4621	4521	4429	4829	4910	4614	4718	4882	4794	4942	4480	4654	5171	5171	5084	4179	4625	4871	4399	4812	4546	4996	5111	4975	4503	4596	4801	4904	4927	4295	4987	4975	4264	4576	4818	4608	5079	4577	4334	5100	4774	4891	5083	4580	4912	4665	4348	5117	4510	4767	4937	4416	4254	4223	5001	4694	4801	4454	5207	5158	4667	4980	5014	4352	4981	5160	4359	4545	4237	4524	4821	4429	5318	5086	4558	4617	4854	4543	4964	4889	4954	4857	4755
PD5117af	4400	5059	5033	4765	4621	0	4650	4542	4230	4497	4709	4057	4963	4897	5059	4599	4757	4660	4760	4611	4102	4188	4944	4494	4419	4613	4575	4500	4264	4622	4225	4174	4385	4510	4406	5112	4568	3881	4663	4401	4689	4606	4106	4419	4695	4877	4488	4382	4603	4483	4140	4429	4708	4607	4848	4476	4007	4373	4316	4316	4259	4912	4549	4694	4745	4080	5055	4627	4425	4538	4733	3960	4118	4338	4607	4926	4532	4915	4681	4671	4720	4309	4146	5049	4432	4367	4494	4272
PD5117ag	4856	5023	4953	5361	4521	4650	0	4430	4878	4925	4623	4761	4929	4839	5005	4505	4679	5210	5192	5097	4212	4612	4848	4390	4863	4561	5023	5132	4998	4550	4635	4826	4909	4948	4360	5032	5030	4337	3679	4845	3697	5102	4580	4333	5153	4799	4898	5126	4597	4965	4672	4341	5150	4537	4800	4956	4427	4297	4270	5022	4703	4834	4469	5246	5211	4746	4997	5053	4387	4998	5167	4384	4546	4290	4555	4864	4438	5319	5081	4627	4638	4905	4604	4995	4942	4999	4890	4822
PD5117ah	4682	4861	4831	5249	4429	4542	4430	0	4698	4767	4485	4629	4755	4679	4853	4337	4545	5072	5034	4953	4056	4480	4710	4232	4719	4421	4901	5024	4862	4398	4445	4674	4751	4812	4186	4884	4868	4175	4507	4707	4501	4954	4428	4203	5011	4651	4804	4968	4471	4821	4544	4227	4970	4391	4664	4838	4305	4151	4124	4884	4561	4708	4349	5126	5073	4604	4839	4883	4207	4848	5035	4246	4420	4132	4389	4734	4270	5205	4947	4495	4472	4747	4456	4835	4784	4869	4744	4688
PD5117ai	4588	5291	5249	4867	4829	4230	4878	4698	0	4673	4929	4343	5157	5103	5269	4803	4975	4834	4938	4835	4276	4392	5158	4696	4635	4845	4767	4624	4598	4822	4403	4314	4589	4722	4600	5310	4764	4083	4905	4631	4911	4808	4278	4603	4903	5089	4692	4674	4831	4711	4360	4639	4924	4813	5050	4652	4197	4587	4548	4598	4457	5114	4753	4914	4969	4178	5263	4791	4661	4712	4915	4164	4338	4552	4825	5154	4720	5097	4861	4887	4924	4551	4336	5245	4648	4453	4666	4450
PD5117aj	4347	5354	5304	5198	4910	4497	4925	4767	4673	0	4968	4572	5238	5164	5318	4856	5034	5047	4429	4802	4389	3703	5201	4753	4624	4894	4830	4961	4817	4861	4490	4615	4702	4071	4677	5349	4709	4008	4920	4538	4958	4879	4393	4682	4322	5164	4205	4901	4818	4228	4511	4662	4841	4884	5127	4743	4110	4626	4593	4835	3826	5167	4804	5083	4988	4523	5326	4716	4672	4181	4264	3805	3561	4607	4862	5211	4783	4438	4744	4892	4977	4698	3831	5322	4759	4806	4769	4589
PD5117ak	4875	5072	5000	5426	4614	4709	4623	4485	4929	4968	0	4798	4966	4884	5016	4550	4742	5253	5225	5128	4263	4703	4885	4419	4896	4608	5108	5181	5045	4577	4650	4877	4934	5029	4405	5079	5021	4388	4660	4884	4684	5103	4629	4380	5174	4846	4953	5109	4662	4998	4719	4378	5183	4572	4839	4991	4476	4386	4261	5079	4740	4889	4492	5321	5250	4743	5002	5088	4422	5033	5198	4437	4591	4319	4598	4931	4487	5392	5178	4598	4669	4912	4607	5016	4995	5048	4931	4853
PD5117al	4493	5172	5114	4820	4718	4057	4761	4629	4343	4572	4798	0	5060	5012	5156	4666	4870	4751	4841	4720	4203	4275	5027	4561	4536	4722	4680	4591	4403	4717	4322	4291	4482	4597	4515	5183	4645	3966	4790	4490	4790	4689	4161	4502	4782	4992	4549	3583	4696	4610	4209	4538	4803	4708	4975	4573	4086	4498	4403	3549	4338	5011	4594	4809	4852	4143	5128	4690	4514	4659	4830	4037	4193	4421	4726	5041	4639	5026	4760	4772	4787	4418	4241	5146	4541	4424	4577	4351
PD5117am	5137	5294	5304	5678	4882	4963	4929	4755	5157	5238	4966	5060	0	5156	5294	4830	4984	5495	5453	5376	4505	4915	5169	4703	5140	4838	5340	5435	5301	4867	4904	5123	5202	5273	4677	5351	5289	4626	4942	5166	4958	5389	4919	4646	5426	5122	5223	5361	4890	5228	4989	4674	5481	4850	5147	5265	4722	4634	4589	5327	5008	5163	4792	5553	5500	5049	5300	5330	4672	5291	5472	4673	4847	4591	4868	5163	4763	5632	5404	4936	4963	5192	4897	5282	5213	5302	5199	5105
PD5117an	5095	5230	5174	5608	4794	4897	4839	4679	5103	5164	4884	5012	5156	0	5244	4752	4920	5433	5415	5316	4447	4871	5089	4657	5078	4810	5286	5381	5211	4803	4838	5053	5146	5185	4565	5259	5237	4544	4866	5076	4882	5319	4829	4592	5380	5052	5151	5355	4836	5188	4929	4600	5367	4798	5061	5197	4670	4548	4495	5257	4940	5091	4718	5497	5450	4945	5222	5266	4620	5223	5414	4619	4791	4525	4792	5113	4677	5564	5328	4842	4853	5138	4813	5186	5167	5232	5131	5041
PD5117ao	5247	5362	4928	5784	4942	5059	5005	4853	5269	5318	5016	5156	5294	5244	0	4908	4658	5587	5587	5488	4577	5027	5227	4787	5258	4944	5452	5545	5435	4919	5016	5233	5286	5357	4749	5451	5417	4724	5016	5252	5026	5467	4989	4312	5522	5176	5327	5503	4994	5348	5073	4750	5499	4952	5195	5373	4840	4716	4663	5397	5090	5219	4898	5651	5572	5093	5370	5426	4770	5377	5534	4789	4941	4679	4958	5269	4801	5738	5510	4978	5023	5246	4987	5364	5341	5378	5307	5207
PD5117ap	4781	4934	4892	5278	4480	4599	4505	4337	4803	4856	4550	4666	4830	4752	4908	0	4602	5109	5105	5004	4119	4539	4765	4323	4782	4466	4976	5075	4913	4465	4542	4753	4806	4873	4245	4965	4929	4246	4532	4762	4532	5011	4513	4272	5024	4726	4877	5023	4516	4910	4597	4262	5091	4460	4735	4945	4362	4226	4201	4951	4628	4735	4410	5157	5136	4655	4868	4946	4292	4911	5100	4285	4465	4187	4470	4789	4349	5266	5024	4522	4525	4802	4483	4864	4871	4894	4803	4731
PD5117aq	4941	5072	3602	5498	4654	4757	4679	4545	4975	5034	4742	4870	4984	4920	4658	4602	0	5315	5269	5174	4283	4727	4943	4497	4958	4664	5132	5241	5093	4629	4708	4933	5004	5055	4419	5139	5099	4422	4698	4948	4712	5169	4703	3412	5222	4926	5053	5233	4674	5032	4775	4466	5237	4630	4907	5079	4518	4376	4349	5139	4806	4937	4586	5369	5296	4841	5074	5138	4490	5077	5272	4507	4671	4363	4634	4973	4511	5432	5200	4728	4715	4980	4663	5080	5025	5086	4989	4875
PD5117as	4910	5613	5535	5381	5171	4660	5210	5072	4834	5047	5253	4751	5495	5433	5587	5109	5315	0	5278	5165	4618	4722	5458	5008	4933	5151	5077	5106	5024	5150	4773	4820	4905	5062	4962	5660	5066	4403	5197	4951	5259	5144	4614	4947	5235	5421	5012	5094	5149	5057	4578	4987	5200	5157	5412	5016	4537	4921	4844	5000	4807	5440	5083	4688	5309	4684	5609	5131	4967	5084	5247	4524	4658	4868	5177	5482	5078	5435	5187	5223	5242	4631	4698	5589	4990	4991	5032	4590
PD5117at	4582	5621	5569	5449	5171	4760	5192	5034	4938	4429	5225	4841	5453	5415	5587	5105	5269	5278	0	5013	4666	4160	5490	5012	4871	5161	5119	5220	5094	5152	4755	4914	4965	4462	4952	5644	4940	4289	5171	4821	5247	5174	4690	4955	4653	5431	4482	5160	5077	4505	4776	4961	5126	5117	5376	5026	4389	4911	4864	5134	4219	5446	5085	5336	5225	4814	5573	4991	4927	4496	4659	4078	4054	4876	5171	5462	5032	4841	5055	5203	5248	4957	3882	5567	5010	5083	5048	4898
PD5117au	4689	5540	5492	5342	5084	4611	5097	4953	4835	4802	5128	4720	5376	5316	5488	5004	5174	5165	5013	0	4541	4481	5359	4889	4782	5064	5016	5083	4975	5037	4650	4783	4858	4787	4839	5531	4745	4112	5116	4528	5116	5057	4555	4830	5014	5296	4785	5051	5020	4790	4679	4882	4581	4996	5291	4953	4144	4800	4729	5007	4554	5339	4958	5237	5124	4671	5488	4756	4832	4871	5028	4259	4419	4769	5078	5369	4955	5206	4808	5110	5145	4836	4425	5448	4923	4964	4935	4801
PD5117av	4292	4639	4589	4811	4179	4102	4212	4056	4276	4389	4263	4203	4505	4447	4577	4119	4283	4618	4666	4541	0	4076	4474	4018	4313	4177	3823	4590	4444	4144	4071	4248	4203	4414	3948	4682	4468	3759	4237	4311	4253	4482	3984	3943	4589	4431	4374	4540	4181	4397	4112	3951	4594	4131	4418	4388	3875	3913	3866	4468	4159	4450	4101	4716	4657	4148	4585	4493	3995	4434	4637	3828	4002	3892	4147	4482	4052	4773	4555	4213	4264	4345	4038	4577	4304	4405	4364	4242
PD5117aw	4030	5055	5005	4921	4625	4188	4612	4480	4392	3703	4703	4275	4915	4871	5027	4539	4727	4722	4160	4481	4076	0	4908	4448	4313	4571	4575	4642	4520	4562	4175	4324	4413	3772	4366	5064	4382	3721	4637	4243	4655	4622	4104	4403	4033	4845	3912	4606	4537	3951	4202	4369	4540	4563	4828	4464	3847	4331	4270	4552	3499	4868	4499	4788	4669	4218	5049	4443	4371	3906	3877	3506	3330	4290	4571	4880	4452	3953	4479	4651	4688	4389	3514	4989	4460	4507	4468	4320
PD5117ax	5130	5233	5215	5649	4871	4944	4848	4710	5158	5201	4885	5027	5169	5089	5227	4765	4943	5458	5490	5359	4474	4908	0	4676	5135	4831	5327	5390	5270	4796	4855	5106	5143	5208	4618	5338	5268	4603	4879	5139	4897	5342	4880	4601	5409	5057	5214	5352	4855	5237	4974	4613	5434	4797	5058	5232	4711	4601	4526	5302	4993	5100	4759	5508	5485	4984	5241	5319	4643	5234	5455	4680	4814	4558	4823	5146	4700	5585	5357	4877	4932	5145	4856	5235	5220	5253	5148	5090
PD5117az	4638	4825	4743	5195	4399	4494	4390	4232	4696	4753	4419	4561	4703	4657	4787	4323	4497	5008	5012	4889	4018	4448	4676	0	4677	4369	4855	4976	4860	4368	4439	4624	4713	4776	4162	4876	4848	4133	4445	4701	4435	4914	4416	4139	4935	4625	4764	4918	4393	4779	4486	4171	4952	4349	4620	4792	4259	4127	4078	4826	4521	4662	4277	5066	5029	4554	4807	4877	4191	4814	5003	4208	4360	4102	4369	4706	4218	5165	4937	4427	4440	4691	4410	4785	4752	4819	4690	4634
PD5117ba	4523	5288	5260	5116	4812	4419	4863	4719	4635	4624	4896	4536	5140	5078	5258	4782	4958	4933	4871	4782	4313	4313	5135	4677	0	4818	4796	4873	4767	4787	4418	4555	4670	4659	4603	5327	4697	4000	4856	4540	4912	4851	4347	4596	4844	5082	4643	4867	4790	4664	4439	4614	4841	4770	5077	4707	4132	4602	4505	4779	4402	5093	4716	4999	4882	4479	5262	4716	4610	4701	4856	4091	4243	4539	4810	5151	4697	5050	4776	4884	4903	4638	4263	5234	4677	4768	4713	4553
PD5117bb	4823	4978	4924	5336	4546	4613	4561	4421	4845	4894	4608	4722	4838	4810	4944	4466	4664	5151	5161	5064	4177	4571	4831	4369	4818	0	5022	5085	4951	4527	4580	4777	4880	4929	4301	5037	4955	4260	4598	4836	4602	5067	4565	4318	5092	4776	4877	5063	4548	4914	4651	4316	5101	4508	4767	4941	4410	4292	4233	5005	4668	4799	4440	5207	5178	4689	4972	4998	4342	4975	5132	4343	4519	4223	4512	4855	4383	5272	5060	4592	4605	4850	4525	4380	4937	4970	4881	4783
PD5117bc	4759	5424	5414	5278	4996	4575	5023	4901	4767	4830	5108	4680	5340	5286	5452	4976	5132	5077	5119	5016	3823	4575	5327	4855	4796	5022	0	5027	4899	4971	4612	4733	4484	4897	4797	5483	4949	4256	5042	4804	5074	4903	4407	4802	5078	5272	4867	5003	4984	4896	4601	4824	5081	4984	5267	4793	4382	4754	4725	4941	4650	5271	4926	5159	5140	4619	5440	4970	4808	4909	5126	4327	4499	4745	4992	5295	4909	5252	5024	5066	5103	4786	4523	5430	4755	4908	4899	4711
PD5117bd	4860	5549	5515	4687	5111	4500	5132	5024	4624	4961	5181	4591	5435	5381	5545	5075	5241	5106	5220	5083	4590	4642	5390	4976	4873	5085	5027	0	4840	5062	4683	4170	4867	4970	4872	5606	5018	4353	5145	4871	5209	5072	4538	4893	5137	5363	4972	4940	5067	4977	4608	4913	5164	5051	5376	4958	4451	4905	4774	4856	4715	5374	5019	5182	5245	4062	5547	5055	4879	5010	5171	4416	4586	4834	5087	5408	5004	5367	5103	5163	5186	4799	4620	5501	4944	4147	4988	4730
PD5117be	4734	5459	5343	5089	4975	4264	4998	4862	4598	4817	5045	4403	5301	5211	5435	4913	5093	5024	5094	4975	4444	4520	5270	4860	4767	4951	4899	4840	0	4966	4577	4506	4749	4866	4730	5414	4908	4223	5027	4769	5057	4954	4454	4731	5047	5239	4834	4730	4937	4851	4490	4781	5026	4951	5212	4810	4327	4757	4694	4644	4615	5244	4885	5064	5091	4418	5395	4955	4753	4890	5095	4310	4444	4692	4941	5284	4870	5223	5017	5009	5058	4683	4482	5365	4794	4705	4876	4594
PD5117bf	4804	4967	4921	5319	4503	4622	4550	4398	4822	4861	4577	4717	4867	4803	4919	4465	4629	5150	5152	5037	4144	4562	4796	4368	4787	4527	4971	5062	4966	0	4531	4766	4843	4908	4318	5014	4936	4279	4577	4783	4597	5056	4538	4289	5071	4779	4852	5038	4563	4905	4636	4315	5086	4485	4768	4922	4355	4285	4188	4994	4659	4802	4437	5182	5169	4668	4947	4999	4303	4940	5125	4344	4488	4244	4513	4822	4374	5303	5021	4553	4606	4819	4552	4907	4890	4953	4822	4742
PD5117bg	4411	5026	4982	4958	4596	4225	4635	4445	4403	4490	4650	4322	4904	4838	5016	4542	4708	4773	4755	4650	4071	4175	4855	4439	4418	4580	4612	4683	4577	4531	0	4393	4470	4527	4343	5067	4557	3876	4600	4392	4666	4655	4141	4342	4690	4802	4499	4667	4562	4518	4249	4350	4723	4554	4797	4507	3970	4336	4291	4575	4284	4849	4506	4793	4760	4265	5012	4608	4380	4551	4748	3935	4067	4289	4566	4889	4459	4908	4676	4612	4659	4440	4137	4986	4495	4566	4419	4347
PD5117bh	4554	5251	5201	4427	4801	4174	4826	4674	4314	4615	4877	4291	5123	5053	5233	4753	4933	4820	4914	4783	4248	4324	5106	4624	4555	4777	4733	4170	4506	4766	4393	0	4589	4684	4554	5252	4726	4023	4841	4563	4879	4760	4260	4593	4817	5079	4646	4630	4781	4683	4278	4587	4850	4769	5042	4638	4167	4553	4482	4558	4407	5076	4697	4872	4929	3692	5205	4739	4577	4710	4877	4130	4270	4510	4771	5120	4670	5081	4797	4845	4878	4493	4302	5203	4600	4035	4642	4440
PD5117bi	4621	5314	5276	5114	4904	4385	4909	4751	4589	4702	4934	4482	5202	5146	5286	4806	5004	4905	4965	4858	4203	4413	5143	4713	4670	4880	4484	4867	4749	4843	4470	4589	0	4743	4615	5351	4807	4112	4902	4656	4930	4733	4233	4648	4926	5144	4709	4841	4850	4746	4439	4694	4949	4858	5141	4651	4196	4638	4557	4773	4488	5135	4758	4977	4978	4475	5300	4816	4666	4763	4954	4177	4369	4589	4862	5173	4791	5132	4882	4932	4943	4648	4397	5280	4619	4722	4749	4551
PD5117bj	4352	5389	5349	5209	4927	4510	4948	4812	4722	4071	5029	4597	5273	5185	5357	4873	5055	5062	4462	4787	4414	3772	5208	4776	4659	4929	4897	4970	4866	4908	4527	4684	4743	0	4710	5412	4744	4059	4973	4563	4985	4926	4458	4727	4337	5205	4256	4970	4863	4291	4516	4743	4888	4895	5180	4814	4191	4669	4610	4856	3563	5236	4841	5094	5007	4554	5359	4765	4693	4214	4343	3842	3710	4634	4929	5244	4804	4501	4847	4975	5016	4715	3846	5335	4786	4831	4788	4664
PD5117bk	4604	4771	4735	5105	4295	4406	4360	4186	4600	4677	4405	4515	4677	4565	4749	4245	4419	4962	4952	4839	3948	4366	4618	4162	4603	4301	4797	4872	4730	4318	4343	4554	4615	4710	0	4806	4744	4053	4361	4609	4383	4842	4326	4103	4891	4559	4694	4826	4353	4711	4414	4097	4890	4285	4572	4708	4181	4073	4020	4792	4443	4604	4237	5010	4947	4452	4739	4783	4133	4758	4923	4142	4296	3998	4285	4652	4206	5065	4837	4363	4366	4615	4334	4705	4696	4709	4648	4556
PD5117bl	5312	5467	5393	5833	4987	5112	5032	4884	5310	5349	5079	5183	5351	5259	5451	4965	5139	5660	5644	5531	4682	5064	5338	4876	5327	5037	5483	5606	5414	5014	5067	5252	5351	5412	4806	0	5440	4773	5057	5309	5075	5550	5024	4823	5603	5243	5416	5546	5029	5409	5114	4811	5588	4987	5278	5400	4885	4789	4712	5460	5161	5328	4947	5694	5635	5172	5413	5505	4843	5452	5629	4832	5014	4740	5015	5324	4884	5797	5563	5109	5098	5307	5034	5405	5418	5431	5344	5236
PD5117bm	4610	5431	5393	5227	4975	4568	5030	4868	4764	4709	5021	4645	5289	5237	5417	4929	5099	5066	4940	4745	4468	4382	5268	4848	4697	4955	4949	5018	4908	4936	4557	4726	4807	4744	4744	5440	0	4053	5039	4345	5073	5010	4494	4765	4909	5235	4718	4972	4929	4707	4564	4779	4792	4933	5212	4846	3927	4731	4682	4926	4487	5256	4869	5140	5069	4628	5377	4241	4719	4764	4935	4182	4330	4682	4957	5270	4876	5115	4387	5019	5060	4797	4372	5361	4816	4895	4834	4672
PD5117bn	3935	4730	4670	4600	4264	3881	4337	4175	4083	4008	4388	3966	4626	4544	4724	4246	4422	4403	4289	4112	3759	3721	4603	4133	4000	4260	4256	4353	4223	4279	3876	4023	4112	4059	4053	4773	4053	0	4318	3874	4356	4305	3789	4072	4222	4536	4031	4317	4258	4062	3905	4088	4179	4260	4529	4149	3460	4026	3985	4239	3764	4583	4190	4461	4384	3907	4720	4068	4066	4091	4280	3471	3649	3979	4278	4621	4159	4436	4164	4358	4373	4104	3671	4694	4135	4208	4161	3999
PD5117bo	4873	5058	4986	5414	4576	4663	3679	4507	4905	4920	4660	4790	4942	4866	5016	4532	4698	5197	5171	5116	4237	4637	4879	4445	4856	4598	5042	5145	5027	4577	4600	4841	4902	4973	4361	5057	5039	4318	0	4866	3642	5101	4589	4372	5144	4840	4951	5113	4628	4964	4695	4398	5129	4580	4845	4965	4440	4318	4299	5009	4696	4869	4526	5267	5230	4723	5034	5036	4428	4993	5180	4401	4563	4325	4588	4873	4459	5356	5142	4650	4675	4920	4609	5046	4941	5002	4893	4811
PD5117bp	4483	5298	5236	5132	4818	4401	4845	4707	4631	4538	4884	4490	5166	5076	5252	4762	4948	4951	4821	4528	4311	4243	5139	4701	4540	4836	4804	4871	4769	4783	4392	4563	4656	4563	4609	5309	4345	3874	4866	0	4892	4835	4333	4604	4750	5066	4555	4823	4804	4568	4409	4626	4613	4818	5071	4733	3744	4610	4507	4771	4322	5095	4734	4997	4884	4459	5250	4366	4604	4609	4780	4023	4189	4533	4824	5129	4719	4988	4412	4912	4927	4622	4185	5220	4669	4710	4715	4561
PD5117br	4903	5056	5026	5410	4608	4689	3697	4501	4911	4958	4684	4790	4958	4882	5026	4532	4712	5259	5247	5116	4253	4655	4897	4435	4912	4602	5074	5209	5057	4597	4666	4879	4930	4985	4383	5075	5073	4356	3642	4892	0	5147	4627	4400	5160	4856	4979	5137	4646	5054	4727	4362	5201	4578	4869	5043	4498	4328	4285	5037	4750	4897	4524	5305	5210	4747	5012	5114	4426	5051	5218	4457	4599	4317	4578	4897	4493	5410	5148	4640	4673	4894	4637	5028	5001	5052	4913	4845
PD5117bs	4798	5511	5451	5321	5079	4606	5102	4954	4808	4879	5103	4689	5389	5319	5467	5011	5169	5144	5174	5057	4482	4622	5342	4914	4851	5067	4903	5072	4954	5056	4655	4760	4733	4926	4842	5550	5010	4305	5101	4835	5147	0	4244	4813	5117	5319	4946	5014	5049	4961	4620	4867	5124	5045	5316	4638	4419	4815	4758	4944	4707	5334	4991	5200	5151	4646	5463	5019	4843	4976	5151	4402	4534	4788	5059	5358	4976	5327	5083	5105	5166	4795	4580	5473	4578	4909	4950	4758
PD5117bt	4308	5019	4991	4815	4577	4106	4580	4428	4278	4393	4629	4161	4919	4829	4989	4513	4703	4614	4690	4555	3984	4104	4880	4416	4347	4565	4407	4538	4454	4538	4141	4260	4233	4458	4326	5024	4494	3789	4589	4333	4627	4244	0	4355	4635	4831	4414	4526	4545	4447	4120	4343	4624	4517	4824	3424	3913	4301	4266	4466	4159	4860	4495	4698	4643	4156	4989	4511	4363	4470	4647	3868	4040	4272	4531	4850	4440	4845	4591	4625	4648	4283	4060	4971	4008	4443	4450	4238
PD5117bu	4587	4764	3690	5128	4334	4419	4333	4203	4603	4682	4380	4502	4646	4592	4312	4272	3412	4947	4955	4830	3943	4403	4601	4139	4596	4318	4802	4893	4731	4289	4342	4593	4648	4727	4103	4823	4765	4072	4372	4604	4400	4813	4355	0	4884	4562	4695	4837	4360	4694	4429	4096	4897	4296	4561	4707	4186	4066	4015	4797	4456	4591	4246	5035	4942	4459	4742	4798	4140	4731	4922	4147	4311	4019	4310	4641	4177	5110	4872	4354	4407	4656	4341	4730	4687	4746	4633	4553
PD5117bv	4555	5570	5486	5412	5100	4695	5153	5011	4903	4322	5174	4782	5426	5380	5522	5024	5222	5235	4653	5014	4589	4033	5409	4935	4844	5092	5078	5137	5047	5071	4690	4817	4926	4337	4891	5603	4909	4222	5144	4750	5160	5117	4635	4884	0	5362	4403	5113	5050	4460	4707	4906	5035	5070	5327	5017	4354	4870	4793	5057	4138	5387	5034	5303	5180	4737	5540	4942	4882	4133	4550	4031	3981	4803	5100	5389	4971	4772	5016	5148	5163	4904	4045	5506	4961	5022	4977	4823
PD5117bw	5059	5212	5190	5588	4774	4877	4799	4651	5089	5164	4846	4992	5122	5052	5176	4726	4926	5421	5431	5296	4431	4845	5057	4625	5082	4776	5272	5363	5239	4779	4802	5079	5144	5205	4559	5243	5235	4536	4840	5066	4856	5319	4831	4562	5362	0	5137	5315	4806	5170	4901	4592	5387	4770	5025	5199	4646	4542	4519	5251	4912	5059	4736	5445	5442	4901	5230	5266	4610	5221	5402	4607	4757	4479	4792	5115	4655	5562	5310	4860	4845	5122	4817	5214	5179	5198	5135	5021
PD5117bx	4306	5373	5325	5207	4891	4488	4898	4804	4692	4205	4953	4549	5223	5151	5327	4877	5053	5012	4482	4785	4374	3912	5214	4764	4643	4877	4867	4972	4834	4852	4499	4646	4709	4256	4694	5416	4718	4031	4951	4555	4979	4946	4414	4695	4403	5137	0	4896	4769	3751	4508	4713	4886	4881	5130	4802	4171	4663	4612	4836	4011	5190	4803	5096	4975	4526	5323	4739	4701	4276	4431	3846	3852	4578	4935	5230	4776	4659	4803	4943	4978	4705	3848	5317	4772	4807	4794	4614
PD5117by	4838	5491	5425	5215	5083	4382	5126	4968	4674	4901	5109	3583	5361	5355	5503	5023	5233	5094	5160	5051	4540	4606	5352	4918	4867	5063	5003	4940	4730	5038	4667	4630	4841	4970	4826	5546	4972	4317	5113	4823	5137	5014	4526	4837	5113	5315	4896	0	5023	4941	4540	4905	5112	5053	5324	4910	4435	4809	4774	3892	4693	5330	4961	5110	5143	4510	5477	5009	4861	4962	5147	4378	4552	4794	5051	5380	4934	5309	5079	5099	5140	4775	4580	5475	4866	4789	4910	4652
PD5117bz	4769	5020	4962	5318	4580	4603	4597	4471	4831	4818	4662	4696	4890	4836	4994	4516	4674	5149	5077	5020	4181	4537	4855	4393	4790	4548	4984	5067	4937	4563	4562	4781	4850	4863	4353	5029	4929	4258	4628	4804	4646	5049	4545	4360	5050	4806	4769	5023	0	4718	4627	4376	5093	4574	4815	4913	4368	4328	4275	4961	4602	4829	4500	5179	5118	4657	4994	4964	4336	4891	5074	4289	4445	4265	4564	4861	4451	5246	5050	4616	4629	4828	4473	4980	4901	4902	4817	4755
PD5117ca	4363	5378	5328	5230	4912	4483	4965	4821	4711	4228	4998	4610	5228	5188	5348	4910	5032	5057	4505	4790	4397	3951	5237	4779	4664	4914	4896	4977	4851	4905	4518	4683	4746	4291	4711	5409	4707	4062	4964	4568	5054	4961	4447	4694	4460	5170	3751	4941	4718	0	4535	4740	4875	4908	5171	4799	4182	4694	4627	4887	4024	5195	4854	5095	5030	4583	5382	4792	4708	4341	4476	3863	3837	4631	4888	5229	4807	4680	4806	4946	5025	4718	3925	5342	4797	4860	4809	4633
PD5117cb	4426	5095	5053	4847	4665	4140	4672	4544	4360	4511	4719	4209	4989	4929	5073	4597	4775	4578	4776	4679	4112	4202	4974	4486	4439	4651	4601	4608	4490	4636	4249	4278	4439	4516	4414	5114	4564	3905	4695	4409	4727	4620	4120	4429	4707	4901	4508	4540	4627	4535	0	4463	4716	4619	4900	4506	4013	4399	4344	4478	4275	4906	4561	4620	4799	4190	5079	4601	4443	4582	4751	3976	4112	4348	4637	4964	4514	4943	4683	4681	4762	4265	4144	5063	4468	4443	4528	4148
PD5117cc	4621	4756	4720	5160	4348	4429	4341	4227	4639	4662	4378	4538	4674	4600	4750	4262	4466	4987	4961	4882	3951	4369	4613	4171	4614	4316	4824	4913	4781	4315	4350	4587	4694	4743	4097	4811	4779	4088	4398	4626	4362	4867	4343	4096	4906	4592	4713	4905	4376	4740	4463	0	4925	4306	4579	4735	4214	4084	4031	4791	4474	4623	4278	5035	4990	4481	4730	4786	4130	4773	4920	4159	4329	4043	4344	4661	4213	5116	4890	4400	4415	4668	4345	4730	4707	4798	4639	4567
PD5117cd	4772	5537	5501	5417	5117	4708	5150	4970	4924	4841	5183	4803	5481	5367	5499	5091	5237	5200	5126	4581	4594	4540	5434	4952	4841	5101	5081	5164	5026	5086	4723	4850	4949	4888	4890	5588	4792	4179	5129	4613	5201	5124	4624	4897	5035	5387	4886	5112	5093	4875	4716	4925	0	5087	5328	5000	4193	4879	4828	5032	4639	5398	5005	5308	5199	4740	5521	4837	4885	4920	5101	4312	4474	4848	5101	5418	4994	5251	4873	5171	5170	4929	4516	5523	4970	5015	4984	4848
PD5117ce	4789	4956	4916	5320	4510	4607	4537	4391	4813	4884	4572	4708	4850	4798	4952	4460	4630	5157	5117	4996	4131	4563	4797	4349	4770	4508	4984	5051	4951	4485	4554	4769	4858	4895	4285	4987	4933	4260	4580	4818	4578	5045	4517	4296	5070	4770	4881	5053	4574	4908	4619	4306	5087	0	4787	4913	4368	4262	4213	4971	4636	4803	4440	5191	5134	4635	4934	4996	4338	4975	5118	4323	4503	4241	4506	4825	4375	5278	5066	4570	4597	4828	4519	4922	4885	4930	4839	4755
PD5117cg	5032	5229	5199	5603	4767	4848	4800	4664	5050	5127	4839	4975	5147	5061	5195	4735	4907	5412	5376	5291	4418	4828	5058	4620	5077	4767	5267	5376	5212	4768	4797	5042	5141	5180	4572	5278	5212	4529	4845	5071	4869	5316	4824	4561	5327	5025	5130	5324	4815	5171	4900	4579	5328	4787	0	5164	4657	4563	4468	5240	4901	5086	4717	5466	5437	4914	5199	5235	4627	5184	5387	4582	4766	4502	4771	5100	4638	5523	5293	4847	4862	5105	4816	5199	5128	5211	5114	5056
PD5117ch	4660	5425	5349	5193	4937	4476	4956	4838	4652	4743	4991	4573	5265	5197	5373	4945	5079	5016	5026	4953	4388	4464	5232	4792	4707	4941	4793	4958	4810	4922	4507	4638	4651	4814	4708	5400	4846	4149	4965	4733	5043	4638	3424	4707	5017	5199	4802	4910	4913	4799	4506	4735	5000	4913	5164	0	4293	4701	4640	4848	4537	5220	4891	5100	5073	4530	5357	4883	4745	4822	5067	4234	4418	4656	4931	5190	4820	5217	4957	5001	5054	4689	4426	5375	4400	4821	4844	4620
PD5117ci	4059	4876	4828	4730	4416	4007	4427	4305	4197	4110	4476	4086	4722	4670	4840	4362	4518	4537	4389	4144	3875	3847	4711	4259	4132	4410	4382	4451	4327	4355	3970	4167	4196	4191	4181	4885	3927	3460	4440	3744	4498	4419	3913	4186	4354	4646	4171	4435	4368	4182	4013	4214	4193	4368	4657	4293	0	4144	4101	4345	3898	4685	4318	4623	4500	4067	4846	3964	4194	4189	4366	3565	3765	4113	4362	4695	4283	4558	4028	4438	4475	4248	3783	4840	4245	4336	4273	4135
PD5117cj	4583	4722	4660	5130	4254	4373	4297	4151	4587	4626	4386	4498	4634	4548	4716	4226	4376	4921	4911	4800	3913	4331	4601	4127	4602	4292	4754	4905	4757	4285	4336	4553	4638	4669	4073	4789	4731	4026	4318	4610	4328	4815	4301	4066	4870	4542	4663	4809	4328	4694	4399	4084	4879	4262	4563	4701	4144	0	4005	4779	4422	4553	4174	4981	4946	4445	4692	4748	4092	4711	4878	4109	4267	4007	4280	4585	4159	5068	4854	4320	4379	4614	4307	4694	4661	4730	4609	4557
PD5117ck	4486	4683	4643	5043	4223	4316	4270	4124	4548	4593	4261	4403	4589	4495	4663	4201	4349	4844	4864	4729	3866	4270	4526	4078	4505	4233	4725	4774	4694	4188	4291	4482	4557	4610	4020	4712	4682	3985	4299	4507	4285	4758	4266	4015	4793	4519	4612	4774	4275	4627	4344	4031	4828	4213	4468	4640	4101	4005	0	4714	4369	4488	4175	4892	4885	4374	4673	4691	4029	4672	4859	4044	4196	3966	4199	4500	4088	5045	4779	4265	4286	4547	4260	4655	4598	4649	4564	4444
PD5117cl	4750	5423	5375	5125	5001	4316	5022	4884	4598	4835	5079	3549	5327	5257	5397	4951	5139	5000	5134	5007	4468	4552	5302	4826	4779	5005	4941	4856	4644	4994	4575	4558	4773	4856	4792	5460	4926	4239	5009	4771	5037	4944	4466	4797	5057	5251	4836	3892	4961	4887	4478	4791	5032	4971	5240	4848	4345	4779	4714	0	4609	5248	4901	5056	5089	4434	5413	4945	4785	4890	5101	4314	4480	4688	4993	5310	4878	5267	5051	5035	5096	4701	4502	5423	4804	4719	4880	4606
PD5117cm	4135	5130	5078	4966	4694	4259	4703	4561	4457	3826	4740	4338	5008	4940	5090	4628	4806	4807	4219	4554	4159	3499	4993	4521	4402	4668	4650	4715	4615	4659	4284	4407	4488	3563	4443	5161	4487	3764	4696	4322	4750	4707	4159	4456	4138	4912	4011	4693	4602	4024	4275	4474	4639	4636	4901	4537	3898	4422	4369	4609	0	4963	4578	4841	4748	4307	5114	4534	4440	3959	4082	3603	3425	4379	4654	4997	4555	4236	4566	4706	4765	4476	3615	5078	4545	4584	4531	4429
PD5117cn	5096	5255	5197	5661	4801	4912	4834	4708	5114	5167	4889	5011	5163	5091	5219	4735	4937	5440	5446	5339	4450	4868	5100	4662	5093	4799	5271	5374	5244	4802	4849	5076	5135	5236	4604	5328	5256	4583	4869	5095	4897	5334	4860	4591	5387	5059	5190	5330	4829	5195	4906	4623	5398	4803	5086	5220	4685	4553	4488	5248	4963	0	4751	5492	5459	4968	5275	5299	4637	5240	5425	4612	4802	4524	4823	5120	4698	5597	5395	4857	4838	5137	4844	5215	5184	5233	5150	5060
PD5117co	4741	4900	4880	5246	4454	4549	4469	4349	4753	4804	4492	4594	4792	4718	4898	4410	4586	5083	5085	4958	4101	4499	4759	4277	4716	4440	4926	5019	4885	4437	4506	4697	4758	4841	4237	4947	4869	4190	4526	4734	4524	4991	4495	4246	5034	4736	4803	4961	4500	4854	4561	4278	5005	4440	4717	4891	4318	4174	4175	4901	4578	4751	0	5145	5090	4597	4900	4906	4292	4895	5048	4279	4427	4161	4464	4751	4359	5214	4992	4522	4519	4758	4463	4854	4819	4878	4759	4701
PD5117cp	4922	5633	5625	5393	5207	4694	5246	5126	4914	5083	5321	4809	5553	5497	5651	5157	5369	4688	5336	5237	4716	4788	5508	5066	4999	5207	5159	5182	5064	5182	4793	4872	4977	5094	5010	5694	5140	4461	5267	4997	5305	5200	4698	5035	5303	5445	5096	5110	5179	5095	4620	5035	5308	5191	5466	5100	4623	4981	4892	5056	4841	5492	5145	0	5323	4766	5653	5161	5009	5122	5285	4556	4704	4934	5185	5540	5118	5509	5239	5277	5296	4741	4728	5617	5030	5045	5086	4680
PD5117cq	4867	5606	5554	5476	5158	4745	5211	5073	4969	4988	5250	4852	5500	5450	5572	5136	5296	5309	5225	5124	4657	4669	5485	5029	4882	5178	5140	5245	5091	5169	4760	4929	4978	5007	4947	5635	5069	4384	5230	4884	5210	5151	4643	4942	5180	5442	4975	5143	5118	5030	4799	4990	5199	5134	5437	5073	4500	4946	4885	5089	4748	5459	5090	5323	0	4821	5612	5086	4950	5047	5216	4419	4601	4895	5154	5477	5045	5368	5164	5218	5245	4998	4625	5554	4997	5086	5017	4875
PD5117cr	4452	5105	5095	4315	4667	4080	4746	4604	4178	4523	4743	4143	5049	4945	5093	4655	4841	4684	4814	4671	4148	4218	4984	4554	4479	4689	4619	4062	4418	4668	4265	3692	4475	4554	4452	5172	4628	3907	4723	4459	4747	4646	4156	4459	4737	4901	4526	4510	4657	4583	4190	4481	4740	4635	4914	4530	4067	4445	4374	4434	4307	4968	4597	4766	4821	0	5107	4633	4473	4582	4777	4010	4126	4402	4669	4990	4586	4935	4699	4725	4750	4379	4162	5099	4494	3943	4580	4314
PD5117cs	5235	5394	5310	5764	4980	5055	4997	4839	5263	5326	5002	5128	5300	5222	5370	4868	5074	5609	5573	5488	4585	5049	5241	4807	5262	4972	5440	5547	5395	4947	5012	5205	5300	5359	4739	5413	5377	4720	5034	5250	5012	5463	4989	4742	5540	5230	5323	5477	4994	5382	5079	4730	5521	4934	5199	5357	4846	4692	4673	5413	5114	5275	4900	5653	5612	5107	0	5410	4806	5383	5570	4803	4949	4697	4956	5271	4869	5738	5492	5040	5023	5272	4975	5352	5311	5390	5269	5201
PD5117ct	4645	5460	5432	5306	5014	4627	5053	4883	4791	4716	5088	4690	5330	5266	5426	4946	5138	5131	4991	4756	4493	4443	5319	4877	4716	4998	4970	5055	4955	4999	4608	4739	4816	4765	4783	5505	4241	4068	5036	4366	5114	5019	4511	4798	4942	5266	4739	5009	4964	4792	4601	4786	4837	4996	5235	4883	3964	4748	4691	4945	4534	5299	4906	5161	5086	4633	5410	0	4780	4817	4978	4217	4391	4707	4994	5327	4909	5182	4438	5030	5095	4802	4393	5418	4861	4930	4881	4759
PD5117cu	4571	4782	4750	5160	4352	4425	4387	4207	4661	4672	4422	4514	4672	4620	4770	4292	4490	4967	4927	4832	3995	4371	4643	4191	4610	4342	4808	4879	4753	4303	4380	4577	4666	4693	4133	4843	4719	4066	4428	4604	4426	4843	4363	4140	4882	4610	4701	4861	4336	4708	4443	4130	4885	4338	4627	4745	4194	4092	4029	4785	4440	4637	4292	5009	4950	4473	4806	4780	0	4751	4912	4135	4275	4037	4308	4657	4241	5088	4846	4400	4391	4638	4319	4756	4713	4756	4663	4555
PD5117cv	4420	5433	5379	5239	4981	4538	4998	4848	4712	4181	5033	4659	5291	5223	5377	4911	5077	5084	4496	4871	4434	3906	5234	4814	4701	4975	4909	5010	4890	4940	4551	4710	4763	4214	4758	5452	4764	4091	4993	4609	5051	4976	4470	4731	4133	5221	4276	4962	4891	4341	4582	4773	4920	4975	5184	4822	4189	4711	4672	4890	3959	5240	4895	5122	5047	4582	5383	4817	4751	0	4429	3896	3842	4692	4957	5294	4824	4615	4883	5019	5034	4775	3876	5351	4824	4887	4812	4682
PD5117cw	4581	5608	5556	5410	5160	4733	5167	5035	4915	4264	5198	4830	5472	5414	5534	5100	5272	5247	4659	5028	4637	3877	5455	5003	4856	5132	5126	5171	5095	5125	4748	4877	4954	4343	4923	5629	4935	4280	5180	4780	5218	5151	4647	4922	4550	5402	4431	5147	5074	4476	4751	4920	5101	5118	5387	5067	4366	4878	4859	5101	4082	5425	5048	5285	5216	4777	5570	4978	4912	4429	0	4043	3901	4867	5120	5457	5029	4548	5052	5204	5197	4948	4075	5540	4973	5060	5029	4897
PD5117cx	3810	4823	4787	4657	4359	3960	4384	4246	4164	3805	4437	4037	4673	4619	4789	4285	4507	4524	4078	4259	3828	3506	4680	4208	4091	4343	4327	4416	4310	4344	3935	4130	4177	3842	4142	4832	4182	3471	4401	4023	4457	4402	3868	4147	4031	4607	3846	4378	4289	3863	3976	4159	4312	4323	4582	4234	3565	4109	4044	4314	3603	4612	4279	4556	4419	4010	4803	4217	4135	3896	4043	0	3430	4066	4333	4686	4240	4237	4291	4413	4442	4167	3468	4779	4210	4263	4240	4098
PD5117cy	3956	4989	4939	4835	4545	4118	4546	4420	4338	3561	4591	4193	4847	4791	4941	4465	4671	4658	4054	4419	4002	3330	4814	4360	4243	4519	4499	4586	4444	4488	4067	4270	4369	3710	4296	5014	4330	3649	4563	4189	4599	4534	4040	4311	3981	4757	3852	4552	4445	3837	4112	4329	4474	4503	4766	4418	3765	4267	4196	4480	3425	4802	4427	4704	4601	4126	4949	4391	4275	3842	3901	3430	0	4194	4493	4826	4404	4043	4439	4561	4606	4317	3440	4911	4386	4433	4396	4244
PD5117cz	4542	4719	4687	5075	4237	4338	4290	4132	4552	4607	4319	4421	4591	4525	4679	4187	4363	4868	4876	4769	3892	4290	4558	4102	4539	4223	4745	4834	4692	4244	4289	4510	4589	4634	3998	4740	4682	3979	4325	4533	4317	4788	4272	4019	4803	4479	4578	4794	4265	4631	4348	4043	4848	4241	4502	4656	4113	4007	3966	4688	4379	4524	4161	4934	4895	4402	4697	4707	4037	4692	4867	4066	4194	0	4219	4574	4162	5007	4789	4335	4296	4573	4230	4649	4622	4649	4586	4498
PD5117da	4793	4992	4944	5340	4524	4607	4555	4389	4825	4862	4598	4726	4868	4792	4958	4470	4634	5177	5171	5078	4147	4571	4823	4369	4810	4512	4992	5087	4941	4513	4566	4771	4862	4929	4285	5015	4957	4278	4588	4824	4578	5059	4531	4310	5100	4792	4935	5051	4564	4888	4637	4344	5101	4506	4771	4931	4362	4280	4199	4993	4654	4823	4464	5185	5154	4669	4956	4994	4308	4957	5120	4333	4493	4219	0	4825	4435	5284	5074	4576	4611	4834	4525	4942	4881	4956	4847	4753
PD5117db	5116	5277	5241	5665	4821	4926	4864	4734	5154	5211	4931	5041	5163	5113	5269	4789	4973	5482	5462	5369	4482	4880	5146	4706	5151	4855	5295	5408	5284	4822	4889	5120	5173	5244	4652	5324	5270	4621	4873	5129	4897	5358	4850	4641	5389	5115	5230	5380	4861	5229	4964	4661	5418	4825	5100	5190	4695	4585	4500	5310	4997	5120	4751	5540	5477	4990	5271	5327	4657	5294	5457	4686	4826	4574	4825	0	4742	5623	5391	4901	4938	5159	4862	5289	5220	5291	5150	5060
PD5117dc	4694	4841	4785	5237	4429	4532	4438	4270	4720	4783	4487	4639	4763	4677	4801	4349	4511	5078	5032	4955	4052	4452	4700	4218	4697	4383	4909	5004	4870	4374	4459	4670	4791	4804	4206	4884	4876	4159	4459	4719	4493	4976	4440	4177	4971	4655	4776	4934	4451	4807	4514	4213	4994	4375	4638	4820	4283	4159	4088	4878	4555	4698	4359	5118	5045	4586	4869	4909	4241	4824	5029	4240	4404	4162	4435	4742	0	5175	4955	4435	4488	4749	4440	4813	4808	4869	4768	4656
PD5117dd	4759	5748	5722	5586	5318	4915	5319	5205	5097	4438	5392	5026	5632	5564	5738	5266	5432	5435	4841	5206	4773	3953	5585	5165	5050	5272	5252	5367	5223	5303	4908	5081	5132	4501	5065	5797	5115	4436	5356	4988	5410	5327	4845	5110	4772	5562	4659	5309	5246	4680	4943	5116	5251	5278	5523	5217	4558	5068	5045	5267	4236	5597	5214	5509	5368	4935	5738	5182	5088	4615	4548	4237	4043	5007	5284	5623	5175	0	5196	5346	5371	5068	4245	5700	5153	5220	5171	5053
PD5117de	4701	5506	5486	5370	5086	4681	5081	4947	4861	4744	5178	4760	5404	5328	5510	5024	5200	5187	5055	4808	4555	4479	5357	4937	4776	5060	5024	5103	5017	5021	4676	4797	4882	4847	4837	5563	4387	4164	5142	4412	5148	5083	4591	4872	5016	5310	4803	5079	5050	4806	4683	4890	4873	5066	5293	4957	4028	4854	4779	5051	4566	5395	4992	5239	5164	4699	5492	4438	4846	4883	5052	4291	4439	4789	5074	5391	4955	5196	0	5116	5161	4854	4453	5474	4917	4962	4955	4823
PD5117n	4845	5006	4998	5382	4558	4671	4627	4495	4887	4892	4598	4772	4936	4842	4978	4522	4728	5223	5203	5110	4213	4651	4877	4427	4884	4592	5066	5163	5009	4553	4612	4845	4932	4975	4363	5109	5019	4358	4650	4912	4640	5105	4625	4354	5148	4860	4943	5099	4616	4946	4681	4400	5171	4570	4847	5001	4438	4320	4265	5035	4706	4857	4522	5277	5218	4725	5040	5030	4400	5019	5204	4413	4561	4335	4576	4901	4435	5346	5116	0	4651	4894	4589	4994	4961	5022	4927	4819
PD5117s	4882	5029	5005	5437	4617	4720	4638	4472	4924	4977	4669	4787	4963	4853	5023	4525	4715	5242	5248	5145	4264	4688	4932	4440	4903	4605	5103	5186	5058	4606	4659	4878	4943	5016	4366	5098	5060	4373	4675	4927	4673	5166	4648	4407	5163	4845	4978	5140	4629	5025	4762	4415	5170	4597	4862	5054	4475	4379	4286	5096	4765	4838	4519	5296	5245	4750	5023	5095	4391	5034	5197	4442	4606	4296	4611	4938	4488	5371	5161	4651	0	4937	4628	5043	5008	5035	4946	4860
PD5117t	4585	5324	5268	5044	4854	4309	4905	4747	4551	4698	4912	4418	5192	5138	5246	4802	4980	4631	4957	4836	4345	4389	5145	4691	4638	4850	4786	4799	4683	4819	4440	4493	4648	4715	4615	5307	4797	4104	4920	4622	4894	4795	4283	4656	4904	5122	4705	4775	4828	4718	4265	4668	4929	4828	5105	4689	4248	4614	4547	4701	4476	5137	4758	4741	4998	4379	5272	4802	4638	4775	4948	4167	4317	4573	4834	5159	4749	5068	4854	4894	4937	0	4337	5256	4667	4682	4681	4295
PD5117u	3988	4997	4983	4859	4543	4146	4604	4456	4336	3831	4607	4241	4897	4813	4987	4483	4663	4698	3882	4425	4038	3514	4856	4410	4263	4525	4523	4620	4482	4552	4137	4302	4397	3846	4334	5034	4372	3671	4609	4185	4637	4580	4060	4341	4045	4817	3848	4580	4473	3925	4144	4345	4516	4519	4816	4426	3783	4307	4260	4502	3615	4844	4463	4728	4625	4162	4975	4393	4319	3876	4075	3468	3440	4230	4525	4862	4440	4245	4453	4589	4628	4337	0	4941	4406	4439	4430	4290
PD5117v	5247	5392	5344	5726	4964	5049	4995	4835	5245	5322	5016	5146	5282	5186	5364	4864	5080	5589	5567	5448	4577	4989	5235	4785	5234	4380	5430	5501	5365	4907	4986	5203	5280	5335	4705	5405	5361	4694	5046	5220	5028	5473	4971	4730	5506	5214	5317	5475	4980	5342	5063	4730	5523	4922	5199	5375	4840	4694	4655	5423	5078	5215	4854	5617	5554	5099	5352	5418	4756	5351	5540	4779	4911	4649	4942	5289	4813	5700	5474	4994	5043	5256	4941	0	5297	5388	5271	5185
PD5117w	4678	5395	5295	5157	4889	4432	4942	4784	4648	4759	4995	4541	5213	5167	5341	4871	5025	4990	5010	4923	4304	4460	5220	4752	4677	4937	4755	4944	4794	4890	4495	4600	4619	4786	4696	5418	4816	4135	4941	4669	5001	4578	4008	4687	4961	5179	4772	4866	4901	4797	4468	4707	4970	4885	5128	4400	4245	4661	4598	4804	4545	5184	4819	5030	4997	4494	5311	4861	4713	4824	4973	4210	4386	4622	4881	5220	4808	5153	4917	4961	5008	4667	4406	5297	0	4759	4778	4568
PD5117x	4731	5408	5358	4562	4954	4367	4999	4869	4453	4806	5048	4424	5302	5232	5378	4894	5086	4991	5083	4964	4405	4507	5253	4819	4768	4970	4908	4147	4705	4953	4566	4035	4722	4831	4709	5431	4895	4208	5002	4710	5052	4909	4443	4746	5022	5198	4807	4789	4902	4860	4443	4798	5015	4930	5211	4821	4336	4730	4649	4719	4584	5233	4878	5045	5086	3943	5390	4930	4756	4887	5060	4263	4433	4649	4956	5291	4869	5220	4962	5022	5035	4682	4439	5388	4759	0	4857	4571
PD5117y	4698	5311	5253	5243	4857	4494	4890	4744	4666	4769	4931	4577	5199	5131	5307	4803	4989	5032	5048	4935	4364	4468	5148	4690	4713	4881	4899	4988	4876	4822	4419	4642	4749	4788	4648	5344	4834	4161	4893	4715	4913	4950	4450	4633	4977	5135	4794	4910	4817	4809	4528	4639	4984	4839	5114	4844	4273	4609	4564	4880	4531	5150	4759	5086	5017	4580	5269	4881	4663	4812	5029	4240	4396	4586	4847	5150	4768	5171	4955	4927	4946	4681	4430	5271	4778	4857	0	4642
