	PD5847h_lo0002	PD5847h_lo0006	PD5847h_lo0007	PD5847h_lo0008	PD5847h_lo0010	PD5847h_lo0017	PD5847h_lo0018	PD5847h_lo0019	PD5847h_lo0024	PD5847h_lo0025	PD5847h_lo0026	PD5847h_lo0027	PD5847h_lo0029	PD5847h_lo0032	PD5847h_lo0033	PD5847h_lo0097	PD5847h_lo0098	PD5847h_lo0099	PD5847h_lo0100	PD5847h_lo0101	PD5847h_lo0102	PD5847h_lo0103	PD5847h_lo0104	PD5847h_lo0105	PD5847h_lo0106	PD5847h_lo0107	PD5847h_lo0108	PD5847h_lo0109	PD5847h_lo0110	PD5847h_lo0111	PD5847h_lo0112	PD5847h_lo0113	PD5847h_lo0115	PD5847h_lo0116	PD5847h_lo0117	PD5847h_lo0118	PD5847h_lo0120	PD5847h_lo0121	PD5847h_lo0122	PD5847h_lo0123	PD5847h_lo0124	PD5847h_lo0125	PD5847h_lo0126	PD5847h_lo0127	PD5847h_lo0128	PD5847h_lo0129	PD5847h_lo0130	PD5847h_lo0131	PD5847h_lo0132	PD5847h_lo0133	PD5847h_lo0135	PD5847h_lo0136	PD5847h_lo0137	PD5847h_lo0138	PD5847h_lo0139	PD5847h_lo0140	PD5847h_lo0142	PD5847h_lo0143	PD5847h_lo0144	PD5847h_lo0145	PD5847h_lo0146	PD5847h_lo0148	PD5847h_lo0151	PD5847h_lo0152	PD5847h_lo0154	PD5847h_lo0155	PD5847h_lo0156	PD5847h_lo0157	PD5847h_lo0158	PD5847h_lo0160	PD5847h_lo0161	PD5847h_lo0163	PD5847h_lo0164	PD5847h_lo0169	PD5847h_lo0170	PD5847h_lo0171	PD5847h_lo0172	PD5847h_lo0173	PD5847h_lo0174	PD5847h_lo0175	PD5847h_lo0176	PD5847h_lo0177	PD5847h_lo0178	PD5847h_lo0179	PD5847h_lo0180	PD5847h_lo0181	PD5847h_lo0182	PD5847h_lo0183	PD5847h_lo0184	PD5847h_lo0185	PD5847h_lo0186	PD5847h_lo0187	PD5847h_lo0188	PD5847h_lo0189	PD5847h_lo0190	PD5847h_lo0191
PD5847h_lo0002	0	1034	1058	1162	1138	2604	2193	1334	1109	1392	1117	1007	1059	1129	2435	2547	2348	1390	1311	1614	2540	1225	2475	1436	2496	1370	1390	1272	1193	1466	1312	1298	2849	1399	2428	1318	1274	946	2626	1186	1397	1329	1316	1404	1450	1072	1427	955	1295	1320	1336	2527	1640	1371	1083	1296	2323	1338	1327	1573	1403	1276	1256	1590	1208	931	1052	1390	939	2115	2443	998	2590	1014	1320	1167	1010	1595	2698	2744	1404	1191	1327	1336	1275	998	1540	1306	2637	1340	1302	1403	1033	1392	1365	1511
PD5847h_lo0006	1034	0	984	1154	1118	2616	2213	1332	1107	1358	1117	1027	1049	1121	2437	2573	2362	1366	1319	1590	2538	1229	2485	1434	2496	1364	1400	1250	1195	1446	1302	1282	2845	1367	2428	1302	1266	932	2610	1174	1393	1321	1290	1424	1426	1046	1405	947	1287	1298	1340	2543	1630	1345	1083	1264	2335	1346	1305	1553	1387	1256	1234	1580	1212	923	1026	1388	929	2137	2433	960	2582	1008	1300	1159	990	1595	2692	2728	1382	1153	1321	1322	1275	978	1538	1294	2655	1328	1288	1369	1003	1356	1361	1497
PD5847h_lo0007	1058	984	0	1186	1154	2662	2253	1336	1131	1412	1141	1049	1089	1163	2485	2601	2380	1420	1365	1652	2594	1261	2521	1462	2528	1398	1318	1290	1209	1486	1340	1316	2879	1399	2482	1348	1300	964	2648	1218	1447	1359	1326	1444	1460	1090	1433	957	1323	1362	1376	2583	1650	1415	1097	1310	2359	1402	1355	1617	1429	1308	1278	1622	1210	949	1078	1406	981	2175	2483	1022	2634	1020	1324	1169	1016	1647	2768	2786	1438	1221	1357	1352	1301	1028	1592	1334	2671	1366	1320	1433	1057	1404	1377	1515
PD5847h_lo0008	1162	1154	1186	0	1272	2748	2347	1470	1251	1514	925	1159	1195	1255	2575	2665	2460	1508	1467	1722	2666	1363	2613	1558	2604	1518	1518	1404	1331	1584	1430	1426	2973	1527	2566	1448	1408	1072	2736	1312	1545	1469	1436	1558	1572	1196	1545	1095	1419	1462	1504	2645	1766	1503	1221	1422	2429	1490	1453	1711	1531	1410	1398	1730	1342	1065	1190	1518	1085	2261	2565	1126	2708	1140	1434	1299	1138	1749	2838	2864	1554	1323	1451	1464	1389	1142	1672	1434	2759	1468	1424	1517	1169	1510	1497	1609
PD5847h_lo0010	1138	1118	1154	1272	0	2674	2293	1434	1155	1452	1209	1143	1115	1207	2517	2617	2430	1436	1401	1700	2638	1325	2545	1532	2552	1444	1490	1344	1301	1538	1394	1394	2921	1447	2502	1348	1382	1032	2698	1262	1495	1371	1358	1518	1514	1118	1493	1053	1251	1368	1378	2625	1722	1421	1157	1350	2409	1446	1399	1651	1483	1380	1300	1662	1320	977	1132	1470	1027	2199	2521	1092	2650	1104	1420	1271	1106	1685	2774	2800	1514	1279	1407	1406	1359	1084	1628	1350	2709	1422	1366	1475	1125	1450	1463	1531
PD5847h_lo0017	2604	2616	2662	2748	2674	0	2361	2896	2701	2890	2707	2621	2617	2647	2605	2703	2506	2932	2841	2820	2712	2809	2645	2920	2694	2886	2968	2832	2787	2948	2828	2832	2999	2949	2668	2868	2858	2538	2776	2772	2923	2903	2850	3014	2920	2650	3009	2577	2885	2906	2916	2703	2850	2929	2677	2878	2601	2596	2861	3047	2885	2848	2840	3068	2784	2525	2572	2590	2527	2371	2579	2582	2762	2616	2900	2773	2620	2799	2854	2982	2914	2767	2877	2824	2777	2588	2846	2876	2803	2862	2806	2885	2631	2958	2879	3065
PD5847h_lo0018	2193	2213	2253	2347	2293	2361	0	2499	2270	2471	2276	2206	2188	2216	2178	2288	2065	2533	2414	2405	2267	2400	2214	2543	2235	2465	2557	2427	2384	2549	2403	2403	2528	2536	2207	2483	2469	2121	2339	2361	2498	2480	2471	2615	2515	2231	2596	2128	2456	2483	2511	2266	2433	2530	2266	2475	2100	2191	2442	2650	2492	2427	2417	2691	2381	2100	2143	2171	2108	1930	2170	2167	2345	2191	2475	2344	2201	2368	2469	2547	2513	2344	2492	2435	2370	2161	2403	2475	2384	2467	2399	2498	2204	2529	2446	2654
PD5847h_lo0019	1334	1332	1336	1470	1434	2896	2499	0	1413	1674	1421	1325	1359	1425	2747	2825	2658	1672	1619	1920	2840	1527	2763	1734	2782	1682	1652	1564	1489	1736	1608	1602	3095	1671	2728	1610	1458	1228	2900	1488	1695	1635	1602	1720	1726	1354	1701	1243	1583	1610	1640	2825	1952	1629	1295	1578	2621	1680	1613	1837	1685	1574	1556	1882	1504	1237	1356	1690	1247	2423	2715	1300	2872	1232	1618	1447	1286	1897	2998	3014	1706	1487	1621	1632	1569	1292	1844	1584	2933	1640	1582	1703	1331	1682	1647	1779
PD5847h_lo0024	1109	1107	1131	1251	1155	2701	2270	1413	0	1421	1210	1118	1088	1180	2510	2636	2401	1413	1384	1673	2607	1308	2532	1503	2561	1427	1479	1307	1272	1523	1375	1375	2916	1434	2497	1329	1361	1007	2667	1247	1480	1346	1331	1497	1479	1097	1490	1036	1314	1359	1377	2596	1707	1404	1096	1327	2402	1417	1380	1618	1464	1363	1281	1631	1299	936	1115	1445	1000	2186	2516	1067	2647	1089	1385	1246	1087	1654	2797	2791	1457	1248	1400	1393	1338	1059	1605	1321	2708	1393	1349	1448	1096	1415	1426	1522
PD5847h_lo0025	1392	1358	1412	1514	1452	2890	2471	1674	1421	0	1465	1389	1383	1329	2687	2823	2608	1692	1593	1878	2812	1561	2751	1648	2766	1636	1730	1594	1531	1710	1572	1552	3117	1715	2708	1630	1614	1270	2880	1516	1655	1639	1616	1762	1696	1374	1733	1295	1607	1632	1658	2793	1898	1689	1427	1626	2615	1636	1591	1847	1655	1592	1600	1844	1550	1249	1324	1652	1253	2399	2733	1332	2840	1358	1652	1513	1356	1891	2982	3000	1688	1493	1643	1582	1539	1326	1800	1632	2917	1540	1550	1641	1375	1680	1633	1809
PD5847h_lo0026	1117	1117	1141	925	1209	2707	2276	1421	1210	1465	0	1106	1142	1214	2524	2644	2413	1471	1416	1699	2633	1328	2550	1527	2567	1469	1459	1345	1276	1549	1401	1381	2900	1480	2509	1385	1355	1033	2697	1271	1506	1418	1381	1511	1523	1151	1508	1044	1390	1413	1427	2608	1705	1444	1184	1385	2412	1431	1400	1646	1496	1369	1337	1697	1305	1026	1137	1477	1036	2212	2534	1081	2661	1083	1397	1256	1099	1678	2781	2817	1489	1286	1424	1409	1372	1089	1635	1385	2726	1435	1389	1496	1120	1477	1460	1560
PD5847h_lo0027	1007	1027	1049	1159	1143	2621	2206	1325	1118	1389	1106	0	1062	1132	2446	2570	2351	1383	1332	1613	2551	1240	2492	1449	2503	1369	1393	1271	1196	1449	1313	1305	2854	1396	2453	1321	1267	925	2611	1193	1410	1320	1311	1379	1427	1077	1414	962	1302	1329	1347	2552	1619	1382	1082	1311	2342	1359	1314	1582	1400	1263	1245	1607	1215	932	1057	1375	942	2132	2446	997	2593	993	1313	1160	1013	1604	2721	2741	1411	1204	1326	1327	1268	1003	1555	1323	2656	1351	1295	1410	1044	1391	1364	1506
PD5847h_lo0029	1059	1049	1089	1195	1115	2617	2188	1359	1088	1383	1142	1062	0	1128	2444	2552	2339	1323	1338	1627	2549	1250	2480	1459	2467	1387	1423	1269	1232	1461	1325	1295	2852	1370	2425	1299	1307	955	2619	1207	1410	1300	1297	1457	1449	1033	1430	980	1276	1283	1279	2542	1639	1342	1090	1275	2324	1357	1312	1578	1420	1287	1213	1587	1241	914	1053	1369	944	2126	2440	1021	2567	1039	1319	1190	1029	1608	2715	2743	1415	1190	1342	1331	1280	1001	1563	1285	2640	1357	1297	1392	1034	1327	1366	1474
PD5847h_lo0032	1129	1121	1163	1255	1207	2647	2216	1425	1180	1329	1214	1132	1128	0	2448	2562	2361	1447	1344	1617	2563	1328	2478	1323	2475	1375	1491	1335	1286	1483	1343	1317	2898	1468	2445	1385	1367	1019	2637	1271	1416	1400	1383	1527	1453	1133	1506	1054	1378	1403	1409	2544	1647	1442	1184	1387	2354	1379	1350	1576	1418	1365	1325	1601	1305	1006	1065	1397	1014	2140	2464	1077	2605	1101	1403	1266	1095	1604	2729	2765	1413	1266	1394	1323	1264	1071	1567	1381	2674	1053	1299	1388	1110	1457	1392	1586
PD5847h_lo0033	2435	2437	2485	2575	2517	2605	2178	2747	2510	2687	2524	2446	2444	2448	0	2520	2327	2779	2654	2647	2541	2628	2490	2767	2529	2703	2795	2671	2610	2767	2653	2633	2832	2788	2495	2725	2707	2365	2613	2597	2730	2734	2709	2853	2765	2465	2798	2378	2668	2731	2713	2506	2653	2762	2520	2675	2390	2427	2672	2842	2738	2679	2657	2899	2621	2342	2375	2423	2342	2168	2448	2407	2573	2433	2735	2584	2435	2614	2705	2815	2725	2592	2688	2667	2604	2415	2637	2703	2638	2699	2645	2742	2462	2767	2686	2876
PD5847h_lo0097	2547	2573	2601	2665	2617	2703	2288	2825	2636	2823	2644	2570	2552	2562	2520	0	2409	2901	2766	2751	2643	2750	2574	2879	2615	2803	2929	2765	2740	2879	2779	2771	2902	2890	2601	2813	2817	2461	2717	2693	2852	2824	2805	2939	2871	2579	2916	2498	2796	2807	2835	2572	2771	2856	2622	2805	2492	2545	2772	2962	2826	2803	2755	3035	2745	2464	2509	2543	2472	2302	2532	2529	2709	2565	2827	2706	2551	2746	2797	2889	2849	2698	2846	2787	2720	2515	2707	2829	2744	2813	2755	2828	2562	2885	2808	2986
PD5847h_lo0098	2348	2362	2380	2460	2430	2506	2065	2658	2401	2608	2413	2351	2339	2361	2327	2409	0	2668	2533	2536	2448	2545	2365	2680	2406	2618	2692	2578	2527	2698	2548	2552	2695	2669	2400	2606	2580	2258	2504	2502	2633	2629	2602	2742	2650	2372	2717	2275	2591	2612	2640	2383	2578	2661	2407	2600	2293	2330	2583	2795	2639	2586	2566	2842	2516	2235	2290	2300	2249	2059	2297	2310	2466	2336	2632	2487	2338	2541	2592	2688	2636	2487	2631	2572	2519	2330	2528	2594	2513	2608	2540	2639	2353	2652	2601	2797
PD5847h_lo0099	1390	1366	1420	1508	1436	2932	2533	1672	1413	1692	1471	1383	1323	1447	2779	2901	2668	0	1651	1938	2888	1559	2825	1764	2816	1700	1740	1592	1537	1756	1632	1628	3161	1691	2748	1596	1622	1278	2952	1520	1705	1591	1600	1756	1744	1352	1735	1295	1573	1618	1616	2859	1964	1673	1395	1606	2659	1698	1639	1889	1715	1620	1538	1908	1540	1229	1380	1698	1265	2453	2773	1342	2922	1370	1668	1501	1358	1931	3044	3064	1734	1513	1649	1650	1603	1328	1866	1596	2973	1660	1620	1681	1377	1644	1685	1775
PD5847h_lo0100	1311	1319	1365	1467	1401	2841	2414	1619	1384	1593	1416	1332	1338	1344	2654	2766	2533	1651	0	1815	2739	1504	2688	1647	2675	1545	1677	1531	1494	1641	1503	1495	3048	1648	2633	1551	1567	1205	2819	1471	1606	1594	1555	1725	1585	1325	1682	1250	1550	1581	1621	2748	1837	1636	1374	1541	2528	1583	1538	1756	1562	1553	1513	1789	1499	1214	1259	1601	1204	2334	2644	1271	2775	1289	1595	1456	1297	1802	2903	2955	1605	1462	1590	1547	1454	1259	1747	1571	2868	1537	1497	1610	1308	1651	1554	1764
PD5847h_lo0101	1614	1590	1652	1722	1700	2820	2405	1920	1673	1878	1699	1613	1627	1617	2647	2751	2536	1938	1815	0	2734	1801	2667	1946	2684	1860	1968	1804	1777	1960	1812	1788	3027	1939	2656	1860	1850	1520	2806	1768	1883	1887	1872	1994	1920	1630	1989	1539	1859	1870	1896	2721	1822	1919	1661	1856	2561	1590	1833	2047	1881	1840	1850	2086	1798	1497	1544	1580	1509	2337	2619	1568	2784	1586	1870	1743	1588	1791	2924	2958	1882	1753	1895	1842	1767	1558	1786	1840	2839	1852	1802	1905	1607	1948	1887	2071
PD5847h_lo0102	2540	2538	2594	2666	2638	2712	2267	2840	2607	2812	2633	2551	2549	2563	2541	2643	2448	2888	2739	2734	0	2741	2561	2882	2618	2778	2912	2736	2697	2884	2730	2760	2927	2857	2584	2808	2780	2458	2708	2694	2835	2807	2788	2928	2844	2576	2937	2483	2799	2816	2818	2605	2758	2837	2611	2800	2493	2516	2779	2993	2823	2798	2740	3014	2714	2453	2488	2516	2461	2287	2547	2524	2686	2540	2830	2671	2552	2729	2802	2926	2820	2693	2821	2756	2701	2502	2714	2798	2699	2782	2720	2817	2533	2888	2807	2971
PD5847h_lo0103	1225	1229	1261	1363	1325	2809	2400	1527	1308	1561	1328	1240	1250	1328	2628	2750	2545	1559	1504	1801	2741	0	2654	1629	2679	1561	1575	1447	1382	1613	1489	1485	3008	1574	2595	1497	1477	1099	2813	1339	1598	1504	1483	1611	1615	1245	1578	1142	1482	1511	1531	2732	1829	1556	1246	1447	2518	1569	1480	1744	1582	1473	1433	1773	1405	1132	1237	1569	1124	2312	2648	1177	2783	1217	1459	1364	1199	1778	2905	2925	1583	1374	1516	1519	1476	1185	1737	1471	2842	1523	1473	1576	1208	1551	1560	1696
PD5847h_lo0104	2475	2485	2521	2613	2545	2645	2214	2763	2532	2751	2550	2492	2480	2478	2490	2574	2365	2825	2688	2667	2561	2654	0	2795	2531	2715	2831	2683	2634	2815	2683	2671	2842	2808	2521	2755	2719	2389	2603	2629	2776	2736	2739	2859	2781	2497	2840	2408	2716	2731	2783	2556	2687	2790	2552	2729	2416	2463	2698	2898	2748	2699	2679	2959	2659	2386	2415	2435	2390	2154	2466	2433	2617	2471	2733	2616	2475	2664	2693	2805	2749	2618	2748	2713	2638	2427	2657	2729	2670	2707	2671	2746	2478	2793	2726	2926
PD5847h_lo0105	1436	1434	1462	1558	1532	2920	2543	1734	1503	1648	1527	1449	1459	1323	2767	2879	2680	1764	1647	1946	2882	1629	2795	0	2816	1708	1794	1632	1591	1764	1636	1632	3155	1771	2752	1690	1674	1344	2948	1562	1729	1703	1710	1814	1744	1448	1787	1353	1695	1712	1742	2845	1964	1721	1491	1676	2649	1704	1655	1905	1699	1658	1642	1898	1600	1333	1388	1700	1321	2461	2757	1392	2910	1406	1714	1565	1428	1937	3052	3100	1738	1571	1705	1646	1597	1366	1878	1692	2985	1536	1612	1717	1429	1724	1673	1867
PD5847h_lo0106	2496	2496	2528	2604	2552	2694	2235	2782	2561	2766	2567	2503	2467	2475	2529	2615	2406	2816	2675	2684	2618	2679	2531	2816	0	2752	2838	2712	2645	2808	2694	2668	2891	2815	2568	2730	2750	2404	2646	2634	2775	2741	2730	2884	2792	2520	2835	2421	2729	2762	2800	2585	2708	2805	2551	2746	2487	2468	2709	2911	2745	2712	2682	2954	2660	2391	2440	2448	2399	2265	2523	2444	2634	2472	2764	2631	2478	2669	2778	2832	2792	2631	2763	2718	2631	2444	2676	2750	2713	2726	2690	2761	2487	2832	2731	2917
PD5847h_lo0107	1370	1364	1398	1518	1444	2886	2465	1682	1427	1636	1469	1369	1387	1375	2703	2803	2618	1700	1545	1860	2778	1561	2715	1708	2752	0	1696	1568	1537	1688	1554	1534	3081	1705	2692	1606	1610	1254	2862	1492	1555	1625	1606	1752	1672	1386	1729	1299	1593	1602	1642	2793	1872	1665	1425	1616	2587	1614	1595	1829	1643	1590	1562	1848	1536	1255	1156	1638	1271	2379	2717	1334	2848	1340	1632	1507	1344	1869	2966	2992	1618	1493	1637	1584	1485	1318	1800	1616	2893	1598	1552	1643	1369	1690	1615	1805
PD5847h_lo0108	1390	1400	1318	1518	1490	2968	2557	1652	1479	1730	1459	1393	1423	1491	2795	2929	2692	1740	1677	1968	2912	1575	2831	1794	2838	1696	0	1612	1519	1804	1632	1642	3187	1727	2778	1662	1608	1286	2980	1550	1727	1669	1660	1768	1778	1410	1755	1295	1645	1658	1680	2879	1976	1711	1425	1640	2673	1716	1673	1901	1745	1618	1606	1934	1534	1293	1400	1748	1297	2487	2821	1336	2936	1352	1656	1497	1340	1929	3052	3090	1772	1513	1665	1670	1615	1350	1898	1646	2973	1698	1640	1735	1391	1726	1713	1833
PD5847h_lo0109	1272	1250	1290	1404	1344	2832	2427	1564	1307	1594	1345	1271	1269	1335	2671	2765	2578	1592	1531	1804	2736	1447	2683	1632	2712	1568	1612	0	1417	1658	1512	1496	3057	1603	2656	1504	1514	1148	2828	1396	1609	1539	1500	1646	1632	1264	1639	1203	1501	1544	1550	2729	1858	1565	1319	1504	2551	1560	1525	1777	1591	1496	1458	1790	1434	1141	1258	1604	1141	2331	2673	1212	2784	1250	1534	1397	1248	1809	2910	2948	1600	1401	1525	1540	1475	1178	1752	1512	2841	1550	1478	1595	1251	1596	1571	1685
PD5847h_lo0110	1193	1195	1209	1331	1301	2787	2384	1489	1272	1531	1276	1196	1232	1286	2610	2740	2527	1537	1494	1777	2697	1382	2634	1591	2645	1537	1519	1417	0	1603	1479	1449	3026	1550	2593	1461	1429	1093	2791	1347	1574	1484	1469	1579	1601	1215	1564	1096	1452	1493	1501	2724	1797	1518	1242	1461	2504	1521	1468	1718	1546	1431	1411	1755	1345	1104	1215	1559	1112	2300	2630	1149	2769	1167	1469	1310	1161	1764	2909	2927	1577	1348	1482	1489	1440	1157	1707	1465	2798	1505	1439	1554	1202	1553	1512	1646
PD5847h_lo0111	1466	1446	1486	1584	1538	2948	2549	1736	1523	1710	1549	1449	1461	1483	2767	2879	2698	1756	1641	1960	2884	1613	2815	1764	2808	1688	1804	1658	1603	0	1550	1644	3149	1777	2762	1694	1688	1322	2930	1560	1731	1707	1704	1816	1728	1454	1805	1351	1675	1714	1730	2871	1972	1737	1493	1694	2643	1696	1687	1851	1727	1680	1634	1916	1616	1317	1400	1704	1335	2475	2783	1394	2920	1432	1704	1579	1436	1941	3046	3084	1740	1575	1707	1646	1603	1392	1884	1708	2985	1668	1622	1723	1445	1750	1627	1895
PD5847h_lo0112	1312	1302	1340	1430	1394	2828	2403	1608	1375	1572	1401	1313	1325	1343	2653	2779	2548	1632	1503	1812	2730	1489	2683	1636	2694	1554	1632	1512	1479	1550	0	1488	3045	1635	2640	1566	1536	1208	2810	1452	1611	1573	1562	1680	1620	1312	1687	1207	1553	1576	1600	2737	1828	1603	1373	1554	2539	1566	1541	1737	1585	1544	1512	1792	1492	1185	1242	1584	1199	2325	2651	1262	2776	1280	1588	1423	1298	1799	2910	2954	1628	1437	1581	1502	1469	1260	1732	1558	2847	1552	1508	1595	1303	1626	1535	1757
PD5847h_lo0113	1298	1282	1316	1426	1394	2832	2403	1602	1375	1552	1381	1305	1295	1317	2633	2771	2552	1628	1495	1788	2760	1485	2671	1632	2668	1534	1642	1496	1449	1644	1488	0	3007	1637	2600	1558	1540	1194	2812	1428	1595	1551	1536	1688	1610	1308	1677	1215	1523	1556	1576	2717	1822	1619	1365	1552	2531	1550	1505	1769	1573	1528	1504	1760	1472	1183	1236	1564	1189	2337	2651	1250	2782	1278	1570	1399	1284	1785	2918	2912	1598	1423	1575	1514	1447	1234	1748	1522	2851	1520	1480	1585	1285	1628	1533	1739
PD5847h_lo0115	2849	2845	2879	2973	2921	2999	2528	3095	2916	3117	2900	2854	2852	2898	2832	2902	2695	3161	3048	3027	2927	3008	2842	3155	2891	3081	3187	3057	3026	3149	3045	3007	0	3166	2827	3093	3097	2775	2967	2973	3128	3090	3091	3233	3151	2873	3210	2790	3052	3101	3121	2916	3055	3168	2928	3103	2742	2823	3074	3272	3126	3075	3047	3307	3023	2746	2793	2791	2750	2586	2808	2825	2961	2839	3089	2972	2827	3016	3033	3179	3109	2992	3112	3057	2994	2807	3019	3105	3030	3091	3049	3134	2854	3163	3082	3252
PD5847h_lo0116	1399	1367	1399	1527	1447	2949	2536	1671	1434	1715	1480	1396	1370	1468	2788	2890	2669	1691	1648	1939	2857	1574	2808	1771	2815	1705	1727	1603	1550	1777	1635	1637	3166	0	2729	1611	1631	1285	2951	1527	1734	1634	1603	1773	1757	1363	1744	1320	1590	1637	1637	2898	1963	1664	1422	1617	2666	1703	1628	1882	1726	1597	1569	1911	1563	1244	1385	1717	1282	2464	2772	1351	2945	1367	1647	1518	1363	1934	3053	3073	1749	1534	1660	1659	1616	1333	1861	1601	2992	1681	1631	1724	1372	1679	1678	1768
PD5847h_lo0117	2428	2428	2482	2566	2502	2668	2207	2728	2497	2708	2509	2453	2425	2445	2495	2601	2400	2748	2633	2656	2584	2595	2521	2752	2568	2692	2778	2656	2593	2762	2640	2600	2827	2729	0	2674	2670	2346	2644	2578	2731	2679	2670	2816	2746	2452	2799	2359	2675	2702	2710	2571	2656	2727	2493	2698	2393	2420	2655	2853	2711	2676	2642	2898	2622	2337	2382	2408	2335	2233	2495	2414	2632	2420	2690	2571	2414	2621	2742	2854	2740	2579	2733	2658	2595	2392	2642	2672	2667	2662	2644	2719	2437	2750	2677	2861
PD5847h_lo0118	1318	1302	1348	1448	1348	2868	2483	1610	1329	1630	1385	1321	1299	1385	2725	2813	2606	1596	1551	1860	2808	1497	2755	1690	2730	1606	1662	1504	1461	1694	1566	1558	3093	1611	2674	0	1554	1208	2868	1450	1661	1551	1540	1702	1702	1290	1667	1229	1503	1546	1556	2827	1916	1589	1339	1504	2599	1634	1583	1813	1665	1552	1478	1842	1486	1159	1306	1644	1211	2393	2703	1276	2860	1286	1568	1439	1296	1859	2976	3014	1676	1437	1603	1588	1529	1254	1788	1518	2921	1602	1568	1649	1303	1616	1625	1713
PD5847h_lo0120	1274	1266	1300	1408	1382	2858	2469	1458	1361	1614	1355	1267	1307	1367	2707	2817	2580	1622	1567	1850	2780	1477	2719	1674	2750	1610	1608	1514	1429	1688	1536	1540	3097	1631	2670	1554	0	1180	2864	1430	1665	1557	1542	1658	1680	1304	1649	1187	1535	1564	1590	2805	1890	1607	1233	1542	2583	1606	1543	1809	1647	1520	1486	1816	1428	1179	1286	1620	1179	2393	2699	1230	2844	1182	1556	1411	1242	1817	2954	2990	1640	1421	1551	1574	1515	1248	1790	1522	2883	1574	1532	1633	1265	1622	1603	1747
PD5847h_lo0121	946	932	964	1072	1032	2538	2121	1228	1007	1270	1033	925	955	1019	2365	2461	2258	1278	1205	1520	2458	1099	2389	1344	2404	1254	1286	1148	1093	1322	1208	1194	2775	1285	2346	1208	1180	0	2522	1056	1289	1211	1184	1328	1322	952	1295	841	1181	1208	1240	2455	1536	1257	957	1158	2241	1252	1209	1465	1279	1172	1152	1486	1094	817	934	1272	829	2041	2355	882	2486	896	1190	1049	902	1497	2620	2654	1294	1085	1227	1220	1169	870	1416	1196	2557	1226	1188	1291	921	1264	1267	1381
PD5847h_lo0122	2626	2610	2648	2736	2698	2776	2339	2900	2667	2880	2697	2611	2619	2637	2613	2717	2504	2952	2819	2806	2708	2813	2603	2948	2646	2862	2980	2828	2791	2930	2810	2812	2967	2951	2644	2868	2864	2522	0	2770	2901	2867	2866	3010	2942	2628	2949	2559	2843	2864	2910	2689	2804	2935	2687	2862	2553	2584	2827	3039	2887	2862	2830	3108	2792	2519	2578	2584	2521	2337	2585	2598	2736	2608	2886	2735	2606	2783	2850	2966	2904	2759	2901	2832	2771	2590	2816	2868	2765	2860	2798	2909	2613	2936	2893	3027
PD5847h_lo0123	1186	1174	1218	1312	1262	2772	2361	1488	1247	1516	1271	1193	1207	1271	2597	2693	2502	1520	1471	1768	2694	1339	2629	1562	2634	1492	1550	1396	1347	1560	1452	1428	2973	1527	2578	1450	1430	1056	2770	0	1549	1461	1446	1576	1550	1200	1515	1093	1419	1470	1476	2677	1772	1495	1187	1410	2459	1514	1449	1717	1529	1408	1392	1726	1358	1065	1184	1534	1089	2269	2601	1148	2724	1162	1406	1313	1158	1747	2850	2876	1538	1321	1463	1468	1421	1140	1686	1444	2789	1490	1424	1531	1165	1506	1499	1631
PD5847h_lo0124	1397	1393	1447	1545	1495	2923	2498	1695	1480	1655	1506	1410	1410	1416	2730	2852	2633	1705	1606	1883	2835	1598	2776	1729	2775	1555	1727	1609	1574	1731	1611	1595	3128	1734	2731	1661	1665	1289	2901	1549	0	1678	1651	1801	1707	1419	1764	1326	1634	1655	1673	2804	1901	1700	1450	1643	2628	1653	1636	1846	1658	1629	1589	1869	1555	1288	1229	1675	1292	2422	2752	1359	2865	1383	1655	1504	1371	1872	2989	3047	1681	1524	1676	1629	1502	1357	1833	1645	2922	1645	1561	1688	1392	1723	1632	1832
PD5847h_lo0125	1329	1321	1359	1469	1371	2903	2480	1635	1346	1639	1418	1320	1300	1400	2734	2824	2629	1591	1594	1887	2807	1504	2736	1703	2741	1625	1669	1539	1484	1707	1573	1551	3090	1634	2679	1551	1557	1211	2867	1461	1678	0	1533	1695	1687	1295	1678	1240	1504	1561	1567	2782	1907	1602	1352	1511	2608	1631	1564	1828	1656	1543	1477	1835	1483	1158	1321	1667	1218	2402	2726	1275	2877	1299	1593	1418	1297	1864	2977	2997	1667	1460	1610	1579	1542	1249	1819	1533	2936	1605	1553	1644	1310	1605	1606	1722
PD5847h_lo0126	1316	1290	1326	1436	1358	2850	2471	1602	1331	1616	1381	1311	1297	1383	2709	2805	2602	1600	1555	1872	2788	1483	2739	1710	2730	1606	1660	1500	1469	1704	1562	1536	3091	1603	2670	1540	1542	1184	2866	1446	1651	1533	0	1694	1680	1296	1655	1233	1507	1550	1558	2777	1890	1591	1323	1524	2573	1600	1549	1817	1621	1532	1470	1838	1478	1161	1286	1642	1191	2403	2703	1246	2842	1288	1552	1433	1268	1851	2968	2978	1642	1447	1571	1578	1513	1242	1790	1540	2899	1588	1532	1651	1291	1598	1617	1701
PD5847h_lo0127	1404	1424	1444	1558	1518	3014	2615	1720	1497	1762	1511	1379	1457	1527	2853	2939	2742	1756	1725	1994	2928	1611	2859	1814	2884	1752	1768	1646	1579	1816	1680	1688	3233	1773	2816	1702	1658	1328	3010	1576	1801	1695	1694	0	1796	1472	1789	1349	1687	1712	1716	2927	2012	1749	1477	1680	2735	1748	1713	1929	1799	1656	1626	1990	1596	1321	1448	1794	1341	2527	2835	1394	2984	1404	1700	1543	1386	1963	3098	3124	1806	1571	1711	1700	1665	1376	1916	1690	3017	1714	1686	1795	1433	1758	1729	1879
PD5847h_lo0128	1450	1426	1460	1572	1514	2920	2515	1726	1479	1696	1523	1427	1449	1453	2765	2871	2650	1744	1585	1920	2844	1615	2781	1744	2792	1672	1778	1632	1601	1728	1620	1610	3151	1757	2746	1702	1680	1322	2942	1550	1707	1687	1680	1796	0	1460	1787	1339	1677	1706	1702	2819	1950	1747	1481	1656	2637	1700	1669	1845	1667	1658	1630	1908	1598	1323	1372	1706	1321	2441	2765	1380	2884	1416	1692	1543	1410	1921	3016	3048	1716	1571	1701	1638	1581	1378	1848	1674	2961	1674	1604	1705	1419	1752	1691	1867
PD5847h_lo0129	1072	1046	1090	1196	1118	2650	2231	1354	1097	1374	1151	1077	1033	1133	2465	2579	2372	1352	1325	1630	2576	1245	2497	1448	2520	1386	1410	1264	1215	1454	1312	1308	2873	1363	2452	1290	1304	952	2628	1200	1419	1295	1296	1472	1460	0	1449	971	1265	1286	1320	2553	1638	1001	1081	1292	2347	1370	1317	1575	1403	1288	974	1614	1258	897	1052	1392	947	2159	2477	1008	2616	1024	1334	1193	1032	1611	2740	2756	1410	1187	1343	1330	1285	998	1560	1160	2679	1358	1310	1405	1041	1340	1375	1477
PD5847h_lo0130	1427	1405	1433	1545	1493	3009	2596	1701	1490	1733	1508	1414	1430	1506	2798	2916	2717	1735	1682	1989	2937	1578	2840	1787	2835	1729	1755	1639	1564	1805	1687	1677	3210	1744	2799	1667	1649	1295	2949	1515	1764	1678	1655	1789	1787	1449	0	1334	1650	1681	1717	2926	1987	1730	1432	1531	2702	1723	1672	1906	1756	1645	1621	1941	1599	1310	1405	1771	1336	2516	2822	1367	2933	1393	1647	1534	1399	1974	3069	3081	1765	1556	1708	1703	1644	1385	1907	1675	3026	1703	1657	1762	1406	1737	1712	1860
PD5847h_lo0131	955	947	957	1095	1053	2577	2128	1243	1036	1295	1044	962	980	1054	2378	2498	2275	1295	1250	1539	2483	1142	2408	1353	2421	1299	1295	1203	1096	1351	1207	1215	2790	1320	2359	1229	1187	841	2559	1093	1326	1240	1233	1349	1339	971	1334	0	1210	1253	1261	2468	1563	1284	996	1221	2250	1287	1214	1490	1316	1197	1175	1511	1087	842	965	1295	852	2044	2378	899	2529	911	1227	1040	907	1528	2639	2687	1331	1092	1246	1251	1190	913	1457	1223	2578	1273	1211	1322	940	1297	1270	1420
PD5847h_lo0132	1295	1287	1323	1419	1251	2885	2456	1583	1314	1607	1390	1302	1276	1378	2668	2796	2591	1573	1550	1859	2799	1482	2716	1695	2729	1593	1645	1501	1452	1675	1553	1523	3052	1590	2675	1503	1535	1181	2843	1419	1634	1504	1507	1687	1677	1265	1650	1210	0	1523	1553	2784	1887	1574	1306	1497	2590	1625	1556	1778	1650	1511	1445	1825	1479	1126	1295	1623	1190	2376	2682	1267	2833	1265	1553	1424	1275	1834	2935	2951	1631	1422	1580	1565	1506	1231	1803	1501	2886	1591	1537	1622	1276	1585	1602	1676
PD5847h_lo0133	1320	1298	1362	1462	1368	2906	2483	1610	1359	1632	1413	1329	1283	1403	2731	2807	2612	1618	1581	1870	2816	1511	2731	1712	2762	1602	1658	1544	1493	1714	1576	1556	3101	1637	2702	1546	1564	1208	2864	1470	1655	1561	1550	1712	1706	1286	1681	1253	1523	0	1590	2797	1894	1589	1345	1542	2613	1634	1569	1823	1657	1538	1474	1848	1504	1165	1318	1650	1215	2403	2725	1280	2856	1296	1586	1437	1286	1875	2984	3010	1644	1455	1599	1600	1539	1264	1804	1540	2899	1604	1548	1645	1309	1606	1619	1739
PD5847h_lo0135	1336	1340	1376	1504	1378	2916	2511	1640	1377	1658	1427	1347	1279	1409	2713	2835	2640	1616	1621	1896	2818	1531	2783	1742	2800	1642	1680	1550	1501	1730	1600	1576	3121	1637	2710	1556	1590	1240	2910	1476	1673	1567	1558	1716	1702	1320	1717	1261	1553	1590	0	2813	1910	1631	1383	1560	2629	1654	1599	1851	1673	1548	1496	1860	1508	1199	1330	1668	1231	2433	2733	1286	2894	1316	1606	1461	1320	1879	3008	3026	1702	1469	1609	1582	1557	1294	1824	1552	2947	1644	1568	1689	1321	1592	1645	1755
PD5847h_lo0136	2527	2543	2583	2645	2625	2703	2266	2825	2596	2793	2608	2552	2542	2544	2506	2572	2383	2859	2748	2721	2605	2732	2556	2845	2585	2793	2879	2729	2724	2871	2737	2717	2916	2898	2571	2827	2805	2455	2689	2677	2804	2782	2777	2927	2819	2553	2926	2468	2784	2797	2813	0	2761	2862	2606	2777	2482	2533	2746	2964	2788	2761	2743	3021	2701	2434	2495	2495	2440	2262	2514	2505	2659	2523	2797	2668	2531	2722	2775	2899	2801	2670	2824	2777	2674	2505	2711	2791	2734	2783	2729	2824	2546	2861	2794	2956
PD5847h_lo0137	1640	1630	1650	1766	1722	2850	2433	1952	1707	1898	1705	1619	1639	1647	2653	2771	2578	1964	1837	1822	2758	1829	2687	1964	2708	1872	1976	1858	1797	1972	1828	1822	3055	1963	2656	1916	1890	1536	2804	1772	1901	1907	1890	2012	1950	1638	1987	1563	1887	1894	1910	2761	0	1949	1701	1862	2575	1592	1855	2067	1907	1848	1836	2112	1806	1531	1582	1608	1539	2371	2649	1602	2806	1622	1906	1771	1608	1827	2928	2966	1916	1763	1899	1860	1787	1588	1808	1882	2865	1882	1836	1917	1641	1948	1861	2065
PD5847h_lo0138	1371	1345	1415	1503	1421	2929	2530	1629	1404	1689	1444	1382	1342	1442	2762	2856	2661	1673	1636	1919	2837	1556	2790	1721	2805	1665	1711	1565	1518	1737	1603	1619	3168	1664	2727	1589	1607	1257	2935	1495	1700	1602	1591	1749	1747	1001	1730	1284	1574	1589	1631	2862	1949	0	1386	1589	2658	1673	1616	1872	1708	1597	1297	1905	1547	1212	1357	1709	1258	2464	2786	1319	2911	1341	1615	1486	1331	1906	3045	3055	1713	1496	1646	1647	1586	1313	1849	1473	2948	1651	1595	1688	1350	1643	1682	1762
PD5847h_lo0139	1083	1083	1097	1221	1157	2677	2266	1295	1096	1427	1184	1082	1090	1184	2520	2622	2407	1395	1374	1661	2611	1246	2552	1491	2551	1425	1425	1319	1242	1493	1373	1365	2928	1422	2493	1339	1233	957	2687	1187	1450	1352	1323	1477	1481	1081	1432	996	1306	1345	1383	2606	1701	1386	0	1269	2390	1411	1368	1630	1436	1335	1265	1645	1249	910	1093	1433	986	2196	2524	1043	2651	1015	1331	1214	1039	1658	2765	2785	1461	1230	1378	1381	1326	1039	1587	1313	2698	1397	1347	1444	1074	1405	1412	1492
PD5847h_lo0140	1296	1264	1310	1422	1350	2878	2475	1578	1327	1626	1385	1311	1275	1387	2675	2805	2600	1606	1541	1856	2800	1447	2729	1676	2746	1616	1640	1504	1461	1694	1554	1552	3103	1617	2698	1504	1542	1158	2862	1410	1643	1511	1524	1680	1656	1292	1531	1221	1497	1542	1560	2777	1862	1589	1269	0	2573	1600	1565	1823	1633	1520	1496	1822	1464	1149	1298	1632	1201	2389	2691	1248	2840	1264	1524	1425	1252	1841	2948	2996	1648	1433	1567	1570	1517	1244	1790	1512	2889	1602	1538	1635	1277	1598	1617	1691
PD5847h_lo0142	2323	2335	2359	2429	2409	2601	2100	2621	2402	2615	2412	2342	2324	2354	2390	2492	2293	2659	2528	2561	2493	2518	2416	2649	2487	2587	2673	2551	2504	2643	2539	2531	2742	2666	2393	2599	2583	2241	2553	2459	2628	2608	2573	2735	2637	2347	2702	2250	2590	2613	2629	2482	2575	2658	2390	2573	0	2331	2532	2796	2618	2583	2551	2809	2515	2230	2271	2315	2238	2138	2412	2305	2547	2315	2627	2474	2327	2550	2645	2741	2631	2480	2594	2557	2498	2291	2521	2597	2604	2565	2537	2612	2332	2649	2596	2772
PD5847h_lo0143	1338	1346	1402	1490	1446	2596	2191	1680	1417	1636	1431	1359	1357	1379	2427	2545	2330	1698	1583	1590	2516	1569	2463	1704	2468	1614	1716	1560	1521	1696	1566	1550	2823	1703	2420	1634	1606	1252	2584	1514	1653	1631	1600	1748	1700	1370	1723	1287	1625	1634	1654	2533	1592	1673	1411	1600	2331	0	1591	1809	1641	1586	1578	1838	1540	1247	1288	1340	1261	2123	2423	1314	2568	1328	1636	1497	1346	1529	2702	2750	1662	1495	1643	1582	1525	1298	1546	1622	2629	1598	1556	1655	1341	1692	1617	1807
PD5847h_lo0144	1327	1305	1355	1453	1399	2861	2442	1613	1380	1591	1400	1314	1312	1350	2672	2772	2583	1639	1538	1833	2779	1480	2698	1655	2709	1595	1673	1525	1468	1687	1541	1505	3074	1628	2655	1583	1543	1209	2827	1449	1636	1564	1549	1713	1669	1317	1672	1214	1556	1569	1599	2746	1855	1616	1368	1565	2532	1591	0	1776	1610	1539	1503	1799	1485	1190	1277	1605	1208	2346	2678	1261	2811	1291	1581	1446	1281	1834	2945	2961	1629	1436	1594	1539	1490	1247	1787	1565	2878	1557	1523	1614	1298	1639	1580	1748
PD5847h_lo0145	1573	1553	1617	1711	1651	3047	2650	1837	1618	1847	1646	1582	1578	1576	2842	2962	2795	1889	1756	2047	2993	1744	2898	1905	2911	1829	1901	1777	1718	1851	1737	1769	3272	1882	2853	1813	1809	1465	3039	1717	1846	1828	1817	1929	1845	1575	1906	1490	1778	1823	1851	2964	2067	1872	1630	1823	2796	1809	1776	0	1832	1779	1771	2001	1719	1450	1513	1829	1464	2598	2902	1519	2993	1537	1839	1680	1539	2026	3123	3193	1855	1718	1846	1761	1712	1513	2001	1801	3082	1781	1737	1866	1548	1885	1758	1972
PD5847h_lo0146	1403	1387	1429	1531	1483	2885	2492	1685	1464	1655	1496	1400	1420	1418	2738	2826	2639	1715	1562	1881	2823	1582	2748	1699	2745	1643	1745	1591	1546	1727	1585	1573	3126	1726	2711	1665	1647	1279	2887	1529	1658	1656	1621	1799	1667	1403	1756	1316	1650	1657	1673	2788	1907	1708	1436	1633	2618	1641	1610	1832	0	1625	1583	1875	1561	1278	1323	1657	1294	2418	2728	1355	2879	1367	1671	1532	1377	1878	3021	2993	1675	1526	1664	1611	1544	1341	1813	1645	2920	1633	1573	1670	1386	1709	1658	1824
PD5847h_lo0148	1276	1256	1308	1410	1380	2848	2427	1574	1363	1592	1369	1263	1287	1365	2679	2803	2586	1620	1553	1840	2798	1473	2699	1658	2712	1590	1618	1496	1431	1680	1544	1528	3075	1597	2676	1552	1520	1172	2862	1408	1629	1543	1532	1656	1658	1288	1645	1197	1511	1538	1548	2761	1848	1597	1335	1520	2583	1586	1539	1779	1625	0	1488	1820	1440	1169	1266	1610	1175	2377	2669	1222	2818	1254	1534	1405	1242	1833	2944	2942	1638	1377	1547	1548	1501	1204	1752	1534	2885	1574	1520	1613	1249	1610	1581	1719
PD5847h_lo0151	1256	1234	1278	1398	1300	2840	2417	1556	1281	1600	1337	1245	1213	1325	2657	2755	2566	1538	1513	1850	2740	1433	2679	1642	2682	1562	1606	1458	1411	1634	1512	1504	3047	1569	2642	1478	1486	1152	2830	1392	1589	1477	1470	1626	1630	974	1621	1175	1445	1474	1496	2743	1836	1297	1265	1496	2551	1578	1503	1771	1583	1488	0	1798	1420	1101	1254	1584	1135	2341	2645	1210	2798	1222	1510	1391	1230	1785	2912	2952	1594	1403	1509	1534	1461	1198	1758	1374	2847	1534	1504	1597	1249	1530	1565	1649
PD5847h_lo0152	1590	1580	1622	1730	1662	3068	2691	1882	1631	1844	1697	1607	1587	1601	2899	3035	2842	1908	1789	2086	3014	1773	2959	1898	2954	1848	1934	1790	1755	1916	1792	1760	3307	1911	2898	1842	1816	1486	3108	1726	1869	1835	1838	1990	1908	1614	1941	1511	1825	1848	1860	3021	2112	1905	1645	1822	2809	1838	1799	2001	1875	1820	1798	0	1766	1477	1538	1864	1473	2613	2917	1542	3064	1576	1852	1741	1566	2101	3202	3184	1874	1717	1861	1736	1747	1528	2018	1816	3137	1792	1762	1791	1571	1912	1831	2037
PD5847h_lo0154	1208	1212	1210	1342	1320	2784	2381	1504	1299	1550	1305	1215	1241	1305	2621	2745	2516	1540	1499	1798	2714	1405	2659	1600	2660	1536	1534	1434	1345	1616	1492	1472	3023	1563	2622	1486	1428	1094	2792	1358	1555	1483	1478	1596	1598	1258	1599	1087	1479	1504	1508	2701	1806	1547	1249	1464	2515	1540	1485	1719	1561	1440	1420	1766	0	1099	1224	1562	1115	2301	2641	1170	2770	1164	1490	1281	1160	1769	2886	2916	1572	1361	1489	1486	1437	1168	1712	1476	2817	1518	1472	1567	1213	1550	1529	1665
PD5847h_lo0155	931	923	949	1065	977	2525	2100	1237	936	1249	1026	932	914	1006	2342	2464	2235	1229	1214	1497	2453	1132	2386	1333	2391	1255	1293	1141	1104	1317	1185	1183	2746	1244	2337	1159	1179	817	2519	1065	1288	1158	1161	1321	1323	897	1310	842	1126	1165	1199	2434	1531	1212	910	1149	2230	1247	1190	1450	1278	1169	1101	1477	1099	0	925	1259	812	2018	2344	883	2489	901	1211	1068	909	1482	2609	2641	1293	1072	1212	1195	1152	865	1429	1133	2552	1217	1181	1274	908	1229	1248	1332
PD5847h_lo0156	1052	1026	1078	1190	1132	2572	2143	1356	1115	1324	1137	1057	1053	1065	2375	2509	2290	1380	1259	1544	2488	1237	2415	1388	2440	1156	1400	1258	1215	1400	1242	1236	2793	1385	2382	1306	1286	934	2578	1184	1229	1321	1286	1448	1372	1052	1405	965	1295	1318	1330	2495	1582	1357	1093	1298	2271	1288	1277	1513	1323	1266	1254	1538	1224	925	0	1320	929	2075	2411	990	2538	1018	1310	1183	1000	1533	2670	2702	1306	1185	1337	1270	1155	984	1488	1302	2607	1294	1230	1329	1029	1380	1315	1487
PD5847h_lo0157	1390	1388	1406	1518	1470	2590	2171	1690	1445	1652	1477	1375	1369	1397	2423	2543	2300	1698	1601	1580	2516	1569	2435	1700	2448	1638	1748	1604	1559	1704	1584	1564	2791	1717	2408	1644	1620	1272	2584	1534	1675	1667	1642	1794	1706	1392	1771	1295	1623	1650	1668	2495	1608	1709	1433	1632	2315	1340	1605	1829	1657	1610	1584	1864	1562	1259	1320	0	1275	2093	2417	1348	2566	1362	1650	1517	1360	1565	2670	2720	1678	1503	1659	1606	1535	1302	1574	1626	2603	1608	1568	1659	1367	1702	1621	1833
PD5847h_lo0158	939	929	981	1085	1027	2527	2108	1247	1000	1253	1036	942	944	1014	2342	2472	2249	1265	1204	1509	2461	1124	2390	1321	2399	1271	1297	1141	1112	1335	1199	1189	2750	1282	2335	1211	1179	829	2521	1089	1292	1218	1191	1341	1321	947	1336	852	1190	1215	1231	2440	1539	1258	986	1201	2238	1261	1208	1464	1294	1175	1135	1473	1115	812	929	1275	0	2030	2350	885	2501	913	1223	1082	917	1488	2605	2651	1295	1088	1210	1221	1162	855	1433	1185	2562	1219	1185	1288	910	1259	1268	1396
PD5847h_lo0160	2115	2137	2175	2261	2199	2371	1930	2423	2186	2399	2212	2132	2126	2140	2168	2302	2059	2453	2334	2337	2287	2312	2154	2461	2265	2379	2487	2331	2300	2475	2325	2337	2586	2464	2233	2393	2393	2041	2337	2269	2422	2402	2403	2527	2441	2159	2516	2044	2376	2403	2433	2262	2371	2464	2196	2389	2138	2123	2346	2598	2418	2377	2341	2613	2301	2018	2075	2093	2030	0	2194	2093	2339	2127	2419	2274	2119	2322	2457	2541	2417	2276	2410	2359	2290	2075	2321	2391	2374	2383	2335	2434	2134	2475	2390	2568
PD5847h_lo0161	2443	2433	2483	2565	2521	2579	2170	2715	2516	2733	2534	2446	2440	2464	2448	2532	2297	2773	2644	2619	2547	2648	2466	2757	2523	2717	2821	2673	2630	2783	2651	2651	2808	2772	2495	2703	2699	2355	2585	2601	2752	2726	2703	2835	2765	2477	2822	2378	2682	2725	2733	2514	2649	2786	2524	2691	2412	2423	2678	2902	2728	2669	2645	2917	2641	2344	2411	2417	2350	2194	0	2411	2609	2433	2729	2580	2435	2636	2665	2783	2727	2592	2710	2677	2604	2403	2623	2715	2644	2685	2613	2724	2450	2767	2698	2878
PD5847h_lo0163	998	960	1022	1126	1092	2582	2167	1300	1067	1332	1081	997	1021	1077	2407	2529	2310	1342	1271	1568	2524	1177	2433	1392	2444	1334	1336	1212	1149	1394	1262	1250	2825	1351	2414	1276	1230	882	2598	1148	1359	1275	1246	1394	1380	1008	1367	899	1267	1280	1286	2505	1602	1319	1043	1248	2305	1314	1261	1519	1355	1222	1210	1542	1170	883	990	1348	885	2093	2411	0	2560	960	1278	1113	968	1543	2660	2698	1350	1103	1269	1278	1219	950	1502	1266	2627	1306	1252	1349	969	1342	1319	1457
PD5847h_lo0164	2590	2582	2634	2708	2650	2762	2345	2872	2647	2840	2661	2593	2567	2605	2573	2709	2466	2922	2775	2784	2686	2783	2617	2910	2634	2848	2936	2784	2769	2920	2776	2782	2961	2945	2632	2860	2844	2486	2736	2724	2865	2877	2842	2984	2884	2616	2933	2529	2833	2856	2894	2659	2806	2911	2651	2840	2547	2568	2811	2993	2879	2818	2798	3064	2770	2489	2538	2566	2501	2339	2609	2560	0	2590	2862	2719	2586	2777	2822	2956	2870	2727	2877	2838	2751	2544	2792	2844	2805	2822	2776	2883	2607	2920	2829	3033
PD5847h_lo0169	1014	1008	1020	1140	1104	2616	2191	1232	1089	1358	1083	993	1039	1101	2433	2565	2336	1370	1289	1586	2540	1217	2471	1406	2472	1340	1352	1250	1167	1432	1280	1278	2839	1367	2420	1286	1182	896	2608	1162	1383	1299	1288	1404	1416	1024	1393	911	1265	1296	1316	2523	1622	1341	1015	1264	2315	1328	1291	1537	1367	1254	1222	1576	1164	901	1018	1362	913	2127	2433	960	2590	0	1300	1139	970	1575	2706	2724	1382	1143	1301	1302	1253	962	1518	1280	2635	1300	1266	1363	1005	1346	1333	1471
PD5847h_lo0170	1320	1300	1324	1434	1420	2900	2475	1618	1385	1652	1397	1313	1319	1403	2735	2827	2632	1668	1595	1870	2830	1459	2733	1714	2764	1632	1656	1534	1469	1704	1588	1570	3089	1647	2690	1568	1556	1190	2886	1406	1655	1593	1552	1700	1692	1334	1647	1227	1553	1586	1606	2797	1906	1615	1331	1524	2627	1636	1581	1839	1671	1534	1510	1852	1490	1211	1310	1650	1223	2419	2729	1278	2862	1300	0	1441	1272	1873	2982	3004	1674	1459	1575	1580	1547	1264	1794	1574	2917	1596	1560	1667	1299	1638	1619	1729
PD5847h_lo0171	1167	1159	1169	1299	1271	2773	2344	1447	1246	1513	1256	1160	1190	1266	2584	2706	2487	1501	1456	1743	2671	1364	2616	1565	2631	1507	1497	1397	1310	1579	1423	1399	2972	1518	2571	1439	1411	1049	2735	1313	1504	1418	1433	1543	1543	1193	1534	1040	1424	1437	1461	2668	1771	1486	1214	1425	2474	1497	1446	1680	1532	1405	1391	1741	1281	1068	1183	1517	1082	2274	2580	1113	2719	1139	1441	0	1111	1694	2843	2885	1537	1312	1450	1463	1392	1127	1661	1433	2806	1471	1409	1510	1162	1505	1480	1614
PD5847h_lo0172	1010	990	1016	1138	1106	2620	2201	1286	1087	1356	1099	1013	1029	1095	2435	2551	2338	1358	1297	1588	2552	1199	2475	1428	2478	1344	1340	1248	1161	1436	1298	1284	2827	1363	2414	1296	1242	902	2606	1158	1371	1297	1268	1386	1410	1032	1399	907	1275	1286	1320	2531	1608	1331	1039	1252	2327	1346	1281	1539	1377	1242	1230	1566	1160	909	1000	1360	917	2119	2435	968	2586	970	1272	1111	0	1591	2702	2738	1376	1151	1307	1294	1247	968	1530	1268	2637	1312	1272	1369	1001	1346	1339	1469
PD5847h_lo0173	1595	1595	1647	1749	1685	2799	2368	1897	1654	1891	1678	1604	1608	1604	2614	2746	2541	1931	1802	1791	2729	1778	2664	1937	2669	1869	1929	1809	1764	1941	1799	1785	3016	1934	2621	1859	1817	1497	2783	1747	1872	1864	1851	1963	1921	1611	1974	1528	1834	1875	1879	2722	1827	1906	1658	1841	2550	1529	1834	2026	1878	1833	1785	2101	1769	1482	1533	1565	1488	2322	2636	1543	2777	1575	1873	1694	1591	0	2895	2959	1895	1738	1868	1825	1750	1547	1781	1873	2860	1833	1777	1874	1584	1933	1850	2038
