	PD6634d_lo0001	PD6634d_lo0002	PD6634d_lo0003	PD6634d_lo0004	PD6634d_lo0005	PD6634d_lo0006	PD6634d_lo0007	PD6634d_lo0008	PD6634d_lo0011	PD6634d_lo0013	PD6634d_lo0014	PD6634d_lo0015	PD6634d_lo0016	PD6634d_lo0017	PD6634d_lo0018	PD6634d_lo0019	PD6634d_lo0020	PD6634d_lo0022	PD6634d_lo0023	PD6634d_lo0024	PD6634d_lo0025	PD6634d_lo0026	PD6634d_lo0027	PD6634d_lo0028	PD6634d_lo0029	PD6634d_lo0031	PD6634d_lo0033	PD6634d_lo0034	PD6634d_lo0035	PD6634d_lo0036	PD6634d_lo0037	PD6634d_lo0038	PD6634d_lo0039	PD6634d_lo0040	PD6634d_lo0042	PD6634d_lo0043
PD6634d_lo0001	0	1891	2315	1886	1266	1264	1464	2108	1850	1877	1185	2084	1824	1887	1359	1944	1735	1886	1910	1907	1071	2416	1857	2462	1831	2472	1486	1334	1358	1784	1383	2030	2304	2182	2325	2342
PD6634d_lo0002	1891	0	2212	1803	1677	1661	1887	2015	1303	1794	1644	1999	1261	1224	1782	417	1282	1791	1197	1358	1714	2309	1768	2357	1296	2371	1505	1531	1765	1689	2064	1497	2217	2079	2248	2253
PD6634d_lo0003	2315	2212	0	1987	2111	2073	2327	1069	2197	2104	2072	1837	2141	2216	2230	2279	2066	1919	2245	2214	2162	1915	2100	1927	2172	2183	1927	1925	2219	1991	2494	2389	2399	2283	2464	2459
PD6634d_lo0004	1886	1803	1987	0	1670	1650	1882	1762	1790	1677	1641	1754	1708	1803	1781	1822	1611	1524	1836	1817	1723	2056	1655	2084	1737	2148	1466	1514	1778	1570	2077	1962	1556	1060	1593	1598
PD6634d_lo0005	1266	1677	2111	1670	0	884	958	1894	1670	1677	1037	1864	1598	1679	967	1748	1537	1698	1702	1699	1129	2202	1665	2246	1639	2256	1290	1154	1014	1576	1447	1856	2114	1972	2143	2160
PD6634d_lo0006	1264	1661	2073	1650	884	0	1088	1880	1670	1665	1035	1844	1580	1661	675	1738	1519	1660	1690	1679	1135	2182	1665	2224	1613	2232	1288	1162	1018	1570	1449	1838	2098	1964	2109	2128
PD6634d_lo0007	1464	1887	2327	1882	958	1088	0	2110	1862	1887	1225	2100	1806	1883	1161	1940	1729	1898	1910	1899	1341	2408	1889	2468	1845	2464	1508	1358	1208	1782	1635	2032	2318	2176	2335	2358
PD6634d_lo0008	2108	2015	1069	1762	1894	1880	2110	0	1982	1869	1879	1584	1918	2009	2015	2080	1847	1702	2032	2009	1945	1688	1885	1724	1963	1958	1696	1724	1988	1780	2297	2182	2182	2066	2243	2246
PD6634d_lo0011	1850	1303	2197	1790	1670	1670	1862	1982	0	1771	1629	1996	1148	1323	1785	1380	1289	1782	1350	1203	1717	2320	1761	2366	1163	2360	1486	1504	1772	1676	2051	1354	2212	2084	2233	2244
PD6634d_lo0013	1877	1794	2104	1677	1677	1665	1887	1869	1771	0	1628	1867	1691	1792	1774	1841	1636	1673	1831	1808	1716	2185	1484	2235	1736	2219	1489	1517	1757	1491	2066	1931	2111	1973	2132	2165
PD6634d_lo0014	1185	1644	2072	1641	1037	1035	1225	1879	1629	1628	0	1847	1587	1650	1138	1697	1496	1657	1689	1664	1044	2157	1622	2217	1608	2225	1275	1109	1141	1547	1378	1827	2065	1933	2092	2115
PD6634d_lo0015	2084	1999	1837	1754	1864	1844	2100	1584	1996	1867	1847	0	1916	1993	1993	2062	1847	1710	2026	2025	1919	1910	1847	1948	1941	1708	1704	1676	1990	1776	2245	2180	2194	2056	2211	2230
PD6634d_lo0016	1824	1261	2141	1708	1598	1580	1806	1918	1148	1691	1587	1916	0	1261	1687	1306	1219	1710	1278	1185	1641	2240	1699	2284	1109	2302	1420	1434	1684	1608	1983	1314	2114	1988	2157	2166
PD6634d_lo0017	1887	1224	2216	1803	1679	1661	1883	2009	1323	1792	1650	1993	1261	0	1776	1269	1300	1799	1243	1358	1702	2311	1774	2369	1276	2383	1499	1535	1773	1687	2056	1493	2201	2095	2256	2267
PD6634d_lo0018	1359	1782	2230	1781	967	675	1161	2015	1785	1774	1138	1993	1687	1776	0	1843	1636	1793	1809	1782	1216	2303	1786	2337	1732	2365	1395	1253	1093	1675	1536	1949	2211	2073	2238	2259
PD6634d_lo0019	1944	417	2279	1822	1748	1738	1940	2080	1380	1841	1697	2062	1306	1269	1843	0	1311	1840	1264	1403	1767	2366	1819	2418	1335	2422	1572	1586	1824	1728	2123	1554	2246	2112	2267	2280
PD6634d_lo0020	1735	1282	2066	1611	1537	1519	1729	1847	1289	1636	1496	1847	1219	1300	1636	1311	0	1641	1331	1326	1576	2143	1638	2209	1254	2213	1339	1369	1629	1543	1916	1443	2065	1903	2072	2095
PD6634d_lo0022	1886	1791	1919	1524	1698	1660	1898	1702	1782	1673	1657	1710	1710	1799	1793	1840	1641	0	1822	1817	1739	1924	1673	1938	1747	2082	1498	1522	1768	1582	2065	1964	1970	1818	1995	1992
PD6634d_lo0023	1910	1197	2245	1836	1702	1690	1910	2032	1350	1831	1689	2026	1278	1243	1809	1264	1331	1822	0	1389	1737	2320	1799	2368	1329	2404	1530	1552	1794	1708	2075	1524	2238	2124	2265	2266
PD6634d_lo0024	1907	1358	2214	1817	1699	1679	1899	2009	1203	1808	1664	2025	1185	1358	1782	1403	1326	1817	1389	0	1732	2333	1810	2385	862	2395	1509	1545	1787	1695	2084	1325	2245	2109	2258	2271
PD6634d_lo0025	1071	1714	2162	1723	1129	1135	1341	1945	1717	1716	1044	1919	1641	1702	1216	1767	1576	1739	1737	1732	0	2253	1708	2295	1662	2269	1349	1209	1219	1619	1270	1885	2129	2039	2158	2183
PD6634d_lo0026	2416	2309	1915	2056	2202	2182	2408	1688	2320	2185	2157	1910	2240	2311	2303	2366	2143	1924	2320	2333	2253	0	2203	1260	2273	2292	2006	2028	2288	2070	2581	2496	2494	2382	2533	2562
PD6634d_lo0027	1857	1768	2100	1655	1665	1665	1889	1885	1761	1484	1622	1847	1699	1774	1786	1819	1638	1673	1799	1810	1708	2203	0	2223	1740	2215	1465	1511	1751	1489	2072	1947	2063	1965	2098	2139
PD6634d_lo0028	2462	2357	1927	2084	2246	2224	2468	1724	2366	2235	2217	1948	2284	2369	2337	2418	2209	1938	2368	2385	2295	1260	2223	0	2315	2338	2054	2068	2342	2118	2617	2522	2530	2404	2565	2594
PD6634d_lo0029	1831	1296	2172	1737	1639	1613	1845	1963	1163	1736	1608	1941	1109	1276	1732	1335	1254	1747	1329	862	1662	2273	1740	2315	0	2327	1431	1475	1713	1655	1998	1279	2183	2043	2190	2215
PD6634d_lo0031	2472	2371	2183	2148	2256	2232	2464	1958	2360	2219	2225	1708	2302	2383	2365	2422	2213	2082	2404	2395	2269	2292	2215	2338	2327	0	2062	1952	2368	2142	2671	2548	2562	2444	2585	2598
PD6634d_lo0033	1486	1505	1927	1466	1290	1288	1508	1696	1486	1489	1275	1704	1420	1499	1395	1572	1339	1498	1530	1509	1349	2006	1465	2054	1431	2062	0	1166	1390	1388	1681	1672	1904	1760	1941	1940
PD6634d_lo0034	1334	1531	1925	1514	1154	1162	1358	1724	1504	1517	1109	1676	1434	1535	1253	1586	1369	1522	1552	1545	1209	2028	1511	2068	1475	1952	1166	0	1232	1420	1551	1706	1930	1818	1951	1974
PD6634d_lo0035	1358	1765	2219	1778	1014	1018	1208	1988	1772	1757	1141	1990	1684	1773	1093	1824	1629	1768	1794	1787	1219	2288	1751	2342	1713	2368	1390	1232	0	1672	1547	1932	2186	2072	2207	2258
PD6634d_lo0036	1784	1689	1991	1570	1576	1570	1782	1780	1676	1491	1547	1776	1608	1687	1675	1728	1543	1582	1708	1695	1619	2070	1489	2118	1655	2142	1388	1420	1672	0	1961	1862	1984	1876	2007	2038
PD6634d_lo0037	1383	2064	2494	2077	1447	1449	1635	2297	2051	2066	1378	2245	1983	2056	1536	2123	1916	2065	2075	2084	1270	2581	2072	2617	1998	2671	1681	1551	1547	1961	0	2209	2473	2369	2514	2509
PD6634d_lo0038	2030	1497	2389	1962	1856	1838	2032	2182	1354	1931	1827	2180	1314	1493	1949	1554	1443	1964	1524	1325	1885	2496	1947	2522	1279	2548	1672	1706	1932	1862	2209	0	2382	2254	2397	2414
PD6634d_lo0039	2304	2217	2399	1556	2114	2098	2318	2182	2212	2111	2065	2194	2114	2201	2211	2246	2065	1970	2238	2245	2129	2494	2063	2530	2183	2562	1904	1930	2186	1984	2473	2382	0	1838	1303	1344
PD6634d_lo0040	2182	2079	2283	1060	1972	1964	2176	2066	2084	1973	1933	2056	1988	2095	2073	2112	1903	1818	2124	2109	2039	2382	1965	2404	2043	2444	1760	1818	2072	1876	2369	2254	1838	0	1867	1874
PD6634d_lo0042	2325	2248	2464	1593	2143	2109	2335	2243	2233	2132	2092	2211	2157	2256	2238	2267	2072	1995	2265	2258	2158	2533	2098	2565	2190	2585	1941	1951	2207	2007	2514	2397	1303	1867	0	1337
PD6634d_lo0043	2342	2253	2459	1598	2160	2128	2358	2246	2244	2165	2115	2230	2166	2267	2259	2280	2095	1992	2266	2271	2183	2562	2139	2594	2215	2598	1940	1974	2258	2038	2509	2414	1344	1874	1337	0
