	PD6629aa	PD6629ab	PD6629ac	PD6629ad	PD6629af	PD6629ag	PD6629ah	PD6629ai	PD6629aj	PD6629ak	PD6629al	PD6629an	PD6629ao	PD6629ap	PD6629aq	PD6629as	PD6629db_lo0001	PD6629db_lo0002	PD6629db_lo0003	PD6629db_lo0005	PD6629db_lo0006	PD6629db_lo0007	PD6629db_lo0008	PD6629db_lo0009	PD6629db_lo0011	PD6629db_lo0012	PD6629db_lo0013	PD6629db_lo0014	PD6629db_lo0015	PD6629db_lo0016	PD6629db_lo0017	PD6629db_lo0018	PD6629db_lo0019	PD6629db_lo0020	PD6629db_lo0022	PD6629db_lo0023	PD6629db_lo0024	PD6629db_lo0025	PD6629db_lo0026	PD6629db_lo0027	PD6629db_lo0028	PD6629db_lo0029	PD6629db_lo0030	PD6629db_lo0031	PD6629db_lo0032	PD6629db_lo0033	PD6629db_lo0035	PD6629db_lo0036	PD6629j	PD6629k	PD6629n	PD6629o	PD6629p	PD6629r	PD6629u	PD6629v	PD6629w	PD6629x	PD6629y
PD6629aa	0	2247	1750	1586	1647	1698	1867	1674	1779	1815	1712	2594	1604	1715	1648	1709	2738	2267	2608	2635	2662	1970	2646	2663	2322	2540	1786	2089	2167	3042	1808	2633	2507	2612	2578	1776	2489	1840	2900	2539	3008	1815	3032	1925	2652	2624	2649	2275	2719	2230	1698	1784	2407	2398	1652	1710	1737	1740	1695
PD6629ab	2247	0	2321	2151	2206	2293	2454	2239	2322	2372	2281	2473	2223	2284	2205	2288	2681	2804	2515	2160	2597	2553	2587	2626	2893	3091	2353	2680	2702	2947	2355	2550	3072	2537	2495	2329	2056	2413	2795	2444	3049	2392	2961	2462	2543	3129	2524	2826	2654	2157	2269	2337	2330	2327	2225	2277	2330	2307	2268
PD6629ac	1750	2321	0	1454	1707	1582	1763	1732	1721	1681	1776	2656	1700	1655	1530	1419	2800	2281	2674	2697	2716	1836	2710	2757	2190	2576	1848	1975	2193	3122	1846	2689	2131	2686	2654	1824	2551	1854	2954	2621	3076	1695	3134	1979	2724	2598	2723	2309	2789	2288	1580	1836	2481	2474	1700	1582	1609	1772	1681
PD6629ad	1586	2151	1454	0	1537	1002	1169	1568	1581	1541	1622	2496	1580	1513	950	1429	2684	2141	2522	2541	2594	1712	2576	2623	1972	2446	1704	1391	2049	2992	1712	2559	2261	2544	2522	1662	2407	1666	2824	2467	2938	1565	2984	1813	2570	2458	2613	2179	2665	2178	1000	1676	2339	2338	1562	1002	1053	1594	1555
PD6629af	1647	2206	1707	1537	0	1659	1824	1419	1716	1776	1649	2561	1637	1670	1603	1666	2711	2230	2567	2590	2629	1947	2629	2672	2291	2389	1707	2038	2078	2997	1763	2612	2478	2587	2567	1711	2472	1783	2851	2502	2991	1796	3011	1844	2617	2579	2634	2210	2694	2203	1653	1733	2366	2367	1543	1677	1694	1701	1656
PD6629ag	1698	2293	1582	1002	1659	0	1319	1690	1693	1647	1718	2616	1682	1627	1058	1547	2774	2245	2638	2661	2710	1820	2690	2711	2078	2540	1818	1523	2159	3084	1824	2653	2373	2652	2612	1784	2525	1802	2938	2579	3006	1677	3076	1935	2670	2582	2705	2271	2769	2268	1050	1796	2441	2442	1652	1088	1161	1682	1655
PD6629ah	1867	2454	1763	1169	1824	1319	0	1871	1852	1832	1905	2795	1841	1788	1259	1712	2965	2404	2809	2846	2887	2005	2861	2878	2255	2731	1997	1672	2302	3251	1993	2836	2534	2827	2765	1969	2672	1973	3105	2742	3185	1848	3249	2090	2851	2735	2890	2446	2942	2445	1325	1965	2600	2629	1843	1325	1358	1857	1814
PD6629ai	1674	2239	1732	1568	1419	1690	1871	0	1737	1803	1680	2578	1634	1683	1620	1687	2726	2249	2592	2619	2660	1948	2650	2667	2288	2400	1716	2071	2099	3032	1774	2619	2471	2602	2580	1740	2495	1824	2892	2537	2982	1819	3046	1885	2620	2592	2679	2249	2707	2226	1690	1754	2409	2390	1556	1694	1723	1710	1687
PD6629aj	1779	2322	1721	1581	1716	1693	1852	1737	0	1788	1801	2693	1763	1218	1635	1692	2823	2326	2677	2722	2761	1953	2783	2768	2287	2577	1875	2066	2216	3123	1901	2742	2494	2709	2671	1859	2586	1867	2989	2652	3101	1816	3171	1988	2731	2625	2768	2354	2828	2323	1679	1859	2506	2515	1725	1717	1724	1803	1720
PD6629ak	1815	2372	1681	1541	1776	1647	1832	1803	1788	0	1849	2729	1801	1736	1601	1658	2879	2360	2739	2738	2793	1885	2789	2826	2263	2653	1945	2042	2248	3165	1909	2770	2430	2747	2697	1873	2620	1909	3025	2686	3129	1748	3185	2030	2787	2673	2794	2352	2868	2375	1667	1887	2540	2553	1763	1673	1686	1833	1744
PD6629al	1712	2281	1776	1622	1649	1718	1905	1680	1801	1849	0	2622	1684	1733	1682	1733	2772	2301	2634	2657	2712	1970	2702	2721	2342	2524	1846	2111	2147	3078	1650	2659	2531	2630	2610	1624	2531	1860	2928	2559	3062	1857	3072	1929	2676	2626	2723	2307	2763	2288	1730	1728	2449	2444	1672	1734	1779	1780	1721
PD6629an	2594	2473	2656	2496	2561	2616	2795	2578	2693	2729	2622	0	2568	2617	2546	2617	2870	3137	2712	2849	2768	2880	2774	2817	3208	3412	2702	2993	3047	2834	2698	2741	3411	2718	2698	2674	2721	2744	2698	2701	3360	2753	3260	2809	2740	3518	2903	3153	2831	2352	2592	2696	2513	2530	2550	2622	2667	2648	2603
PD6629ao	1604	2223	1700	1580	1637	1682	1841	1634	1763	1801	1684	2568	0	1687	1618	1675	2746	2263	2578	2601	2656	1958	2644	2653	2294	2512	1772	2043	2117	3010	1758	2605	2461	2602	2562	1732	2473	1806	2886	2513	2972	1799	3028	1883	2606	2584	2663	2249	2717	2230	1680	1754	2381	2392	1620	1696	1713	1706	1687
PD6629ap	1715	2284	1655	1513	1670	1627	1788	1683	1218	1736	1733	2617	1687	0	1555	1632	2793	2234	2639	2648	2701	1875	2689	2706	2241	2521	1817	2016	2136	3069	1839	2654	2434	2643	2611	1793	2522	1805	2933	2576	3037	1736	3115	1936	2669	2539	2706	2266	2758	2261	1641	1797	2418	2437	1673	1643	1664	1743	1646
PD6629aq	1648	2205	1530	950	1603	1058	1259	1620	1635	1601	1682	2546	1618	1555	0	1495	2728	2161	2570	2575	2634	1748	2636	2667	2042	2492	1746	1481	2079	3022	1758	2607	2303	2576	2550	1724	2457	1744	2868	2519	2970	1611	3050	1865	2612	2494	2659	2215	2695	2216	1046	1730	2379	2374	1614	1074	1101	1630	1597
PD6629as	1709	2288	1419	1429	1666	1547	1712	1687	1692	1658	1733	2617	1675	1632	1495	0	2793	2272	2651	2652	2703	1791	2701	2746	2197	2573	1833	1916	2170	3113	1825	2676	2192	2667	2623	1785	2542	1801	2937	2582	3055	1658	3105	1942	2691	2567	2706	2282	2776	2281	1557	1809	2456	2471	1651	1563	1610	1745	1662
PD6629db_lo0001	2738	2681	2800	2684	2711	2774	2965	2726	2823	2879	2772	2870	2746	2793	2728	2793	0	3037	2848	3021	2888	3028	2882	2511	3352	3572	2846	3163	2945	3310	2864	2547	3545	2254	2822	2832	2909	2916	3188	2897	3504	2905	3444	2989	2436	3596	3087	3325	2689	2476	2800	2850	2665	2218	2716	2802	2817	2816	2791
PD6629db_lo0002	2267	2804	2281	2141	2230	2245	2404	2249	2326	2360	2301	3137	2263	2234	2161	2272	3037	0	3137	3184	3163	2493	3161	2996	2837	3093	2393	2620	2578	3579	2389	2956	3006	2937	3097	2365	3064	2221	3423	3074	3551	2374	3571	2486	2917	3083	3224	2790	3106	2747	2245	2367	2930	2745	2231	2257	2282	2305	2224
PD6629db_lo0003	2608	2515	2674	2522	2567	2638	2809	2592	2677	2739	2634	2712	2578	2639	2570	2651	2848	3137	0	2895	2444	2900	2534	2813	3214	3404	2734	3005	3027	3160	2730	2723	3431	2690	2462	2700	2767	2780	3052	2737	3350	2773	3276	2839	2720	3482	2949	3177	2681	2122	2622	2712	2381	2514	2586	2638	2665	2676	2633
PD6629db_lo0005	2635	2160	2697	2541	2590	2661	2846	2619	2722	2738	2657	2849	2601	2648	2575	2652	3021	3184	2895	0	2937	2919	2937	2974	3261	3455	2761	3028	3044	3309	2713	2908	3426	2919	2839	2711	2408	2783	3169	2806	3367	2760	3329	2818	2897	3491	2842	3166	2994	2537	2641	2723	2716	2685	2585	2677	2678	2699	2648
PD6629db_lo0006	2662	2597	2716	2594	2629	2710	2887	2660	2761	2793	2712	2768	2656	2701	2634	2703	2888	3163	2444	2937	0	2958	2600	2813	3276	3482	2780	3081	3081	3222	2808	2783	3451	2744	2516	2760	2819	2838	3110	2781	3422	2831	3338	2885	2778	3560	2989	3233	2749	2180	2704	2766	2429	2554	2650	2716	2737	2736	2691
PD6629db_lo0007	1970	2553	1836	1712	1947	1820	2005	1948	1953	1885	1970	2880	1958	1875	1748	1791	3028	2493	2900	2919	2958	0	2952	3003	2436	2772	2096	2185	2413	3298	2070	2921	2589	2928	2884	2068	2787	2070	3198	2843	3270	1861	3312	2189	2932	2830	2963	2529	3025	2534	1828	2086	2709	2716	1942	1854	1875	2004	1929
PD6629db_lo0008	2646	2587	2710	2576	2629	2690	2861	2650	2783	2789	2702	2774	2644	2689	2636	2701	2882	3161	2534	2937	2600	2952	0	2845	3274	3460	2778	3065	3047	3204	2780	2761	3479	2738	2410	2744	2825	2824	3086	2769	3410	2813	3326	2877	2770	3542	2981	3227	2743	1810	2694	2754	2405	2542	2640	2706	2743	2730	2673
PD6629db_lo0009	2663	2626	2757	2623	2672	2711	2878	2667	2768	2826	2721	2817	2653	2706	2667	2746	2511	2996	2813	2974	2813	3003	2845	0	3307	3541	2797	3088	2866	3283	2815	2502	3462	2375	2769	2781	2836	2857	3145	2824	3453	2848	3405	2918	2407	3573	3032	3230	2574	2437	2715	2773	2594	2101	2655	2713	2746	2745	2716
PD6629db_lo0011	2322	2893	2190	1972	2291	2078	2255	2288	2287	2263	2342	3208	2294	2241	2042	2197	3352	2837	3214	3261	3276	2436	3274	3307	0	3084	2432	2447	2743	3624	2418	3241	2909	3252	3188	2392	3127	2408	3496	3145	3602	2293	3626	2513	3226	3096	3289	2841	3351	2874	2096	2406	3051	3024	2276	2120	2145	2314	2283
PD6629db_lo0012	2540	3091	2576	2446	2389	2540	2731	2400	2577	2653	2524	3412	2512	2521	2492	2573	3572	3093	3404	3455	3482	2772	3460	3541	3084	0	2572	2897	2913	3860	2634	3455	3277	3428	3400	2596	3337	2664	3726	3359	3770	2653	3806	2713	3468	3364	3463	3045	3539	3084	2560	2600	3199	3248	2432	2562	2587	2580	2583
PD6629db_lo0013	1786	2353	1848	1704	1707	1818	1997	1716	1875	1945	1846	2702	1772	1817	1746	1833	2846	2393	2734	2761	2780	2096	2778	2797	2432	2572	0	2203	2217	3144	1920	2739	2601	2746	2698	1872	2605	1938	3010	2651	3112	1951	3138	2003	2760	2712	2781	2371	2843	2376	1818	1900	2515	2526	1730	1826	1851	1864	1799
PD6629db_lo0014	2089	2680	1975	1391	2038	1523	1672	2071	2066	2042	2111	2993	2043	2016	1481	1916	3163	2620	3005	3028	3081	2185	3065	3088	2447	2897	2203	0	2522	3469	2179	3044	2734	3005	2977	2185	2890	2145	3287	2922	3401	2048	3423	2270	3049	2935	3068	2626	3148	2649	1551	2161	2812	2823	2043	1561	1574	2075	2044
PD6629db_lo0015	2167	2702	2193	2049	2078	2159	2302	2099	2216	2248	2147	3047	2117	2136	2079	2170	2945	2578	3027	3044	3081	2413	3047	2866	2743	2913	2217	2522	0	3477	2243	2612	2910	2821	3003	2203	2946	2289	3351	2986	3421	2272	3463	2120	2831	2993	3104	2692	3004	2667	2159	2229	2834	2613	2101	2163	2184	2211	2134
PD6629db_lo0016	3042	2947	3122	2992	2997	3084	3251	3032	3123	3165	3078	2834	3010	3069	3022	3113	3310	3579	3160	3309	3222	3298	3204	3283	3624	3860	3144	3469	3477	0	3148	3243	3825	3172	3152	3140	3195	3216	3146	3175	3772	3195	3690	3269	3216	3934	3339	3569	3291	2828	3082	3136	2963	2992	3026	3118	3125	3088	3079
PD6629db_lo0017	1808	2355	1846	1712	1763	1824	1993	1774	1901	1909	1650	2698	1758	1839	1758	1825	2864	2389	2730	2713	2808	2070	2780	2815	2418	2634	1920	2179	2243	3148	0	2757	2617	2744	2710	1720	2595	1944	3026	2641	3136	1935	3170	2019	2778	2702	2781	2363	2851	2374	1810	1816	2519	2538	1764	1820	1859	1866	1819
PD6629db_lo0018	2633	2550	2689	2559	2612	2653	2836	2619	2742	2770	2659	2741	2605	2654	2607	2676	2547	2956	2723	2908	2783	2921	2761	2502	3241	3455	2739	3044	2612	3243	2757	0	3434	2419	2707	2731	2780	2795	3069	2752	3395	2796	3293	2836	2425	3539	2974	3202	2642	2347	2675	2723	2510	2225	2585	2673	2702	2691	2674
PD6629db_lo0019	2507	3072	2131	2261	2478	2373	2534	2471	2494	2430	2531	3411	2461	2434	2303	2192	3545	3006	3431	3426	3451	2589	3479	3462	2909	3277	2601	2734	2910	3825	2617	3434	0	3441	3379	2591	3274	2589	3699	3384	3767	2454	3823	2690	3437	3303	3448	3054	3546	3057	2367	2591	3218	3215	2451	2381	2408	2525	2476
PD6629db_lo0020	2612	2537	2686	2544	2587	2652	2827	2602	2709	2747	2630	2718	2602	2643	2576	2667	2254	2937	2690	2919	2744	2928	2738	2375	3252	3428	2746	3005	2821	3172	2744	2419	3441	0	2710	2696	2741	2806	3030	2715	3388	2773	3304	2851	2310	3488	2953	3215	2539	2338	2640	2710	2519	2058	2576	2634	2683	2674	2663
PD6629db_lo0022	2578	2495	2654	2522	2567	2612	2765	2580	2671	2697	2610	2698	2562	2611	2550	2623	2822	3097	2462	2839	2516	2884	2410	2769	3188	3400	2698	2977	3003	3152	2710	2707	3379	2710	0	2676	2759	2740	3014	2709	3354	2737	3264	2791	2712	3492	2943	3173	2665	1988	2620	2666	2373	2502	2566	2646	2663	2654	2591
PD6629db_lo0023	1776	2329	1824	1662	1711	1784	1969	1740	1859	1873	1624	2674	1732	1793	1724	1785	2832	2365	2700	2711	2760	2068	2744	2781	2392	2596	1872	2185	2203	3140	1720	2731	2591	2696	2676	0	2575	1916	2968	2623	3102	1913	3134	1999	2736	2666	2761	2343	2833	2342	1794	1802	2507	2506	1718	1794	1835	1824	1801
PD6629db_lo0024	2489	2056	2551	2407	2472	2525	2672	2495	2586	2620	2531	2721	2473	2522	2457	2542	2909	3064	2767	2408	2819	2787	2825	2836	3127	3337	2605	2890	2946	3195	2595	2780	3274	2741	2759	2575	0	2639	3033	2688	3277	2638	3179	2718	2771	3395	2738	3054	2900	2399	2521	2543	2570	2579	2465	2543	2560	2563	2498
PD6629db_lo0025	1840	2413	1854	1666	1783	1802	1973	1824	1867	1909	1860	2744	1806	1805	1744	1801	2916	2221	2780	2783	2838	2070	2824	2857	2408	2664	1938	2145	2289	3216	1944	2795	2589	2806	2740	1916	2639	0	3058	2713	3160	1915	3190	2045	2800	2682	2823	2397	2901	2410	1808	1938	2579	2578	1772	1790	1819	1860	1777
PD6629db_lo0026	2900	2795	2954	2824	2851	2938	3105	2892	2989	3025	2928	2698	2886	2933	2868	2937	3188	3423	3052	3169	3110	3198	3086	3145	3496	3726	3010	3287	3351	3146	3026	3069	3699	3030	3014	2968	3033	3058	0	3017	3664	3057	3578	3121	3086	3762	3191	3469	3173	2668	2936	2982	2859	2850	2860	2960	2987	2964	2927
PD6629db_lo0027	2539	2444	2621	2467	2502	2579	2742	2537	2652	2686	2559	2701	2513	2576	2519	2582	2897	3074	2737	2806	2781	2843	2769	2824	3145	3359	2651	2922	2986	3175	2641	2752	3384	2715	2709	2623	2688	2713	3017	0	3305	2700	3227	2752	2761	3443	2844	3128	2850	2365	2577	2629	2526	2539	2501	2589	2614	2623	2568
PD6629db_lo0028	3008	3049	3076	2938	2991	3006	3185	2982	3101	3129	3062	3360	2972	3037	2970	3055	3504	3551	3350	3367	3422	3270	3410	3453	3602	3770	3112	3401	3421	3772	3136	3395	3767	3388	3354	3102	3277	3160	3664	3305	0	3143	3732	3233	3376	3854	3415	3553	3477	3024	3036	3058	3177	3178	2970	3028	3071	3066	3043
PD6629db_lo0029	1815	2392	1695	1565	1796	1677	1848	1819	1816	1748	1857	2753	1799	1736	1611	1658	2905	2374	2773	2760	2831	1861	2813	2848	2293	2653	1951	2048	2272	3195	1935	2796	2454	2773	2737	1913	2638	1915	3057	2700	3143	0	3225	2066	2795	2705	2814	2396	2900	2407	1675	1909	2560	2581	1767	1693	1706	1853	1796
PD6629db_lo0030	3032	2961	3134	2984	3011	3076	3249	3046	3171	3185	3072	3260	3028	3115	3050	3105	3444	3571	3276	3329	3338	3312	3326	3405	3626	3806	3138	3423	3463	3690	3170	3293	3823	3304	3264	3134	3179	3190	3578	3227	3732	3225	0	3249	3318	3888	3373	3629	3431	2930	3072	3150	3091	3092	3050	3118	3131	3136	3059
PD6629db_lo0031	1925	2462	1979	1813	1844	1935	2090	1885	1988	2030	1929	2809	1883	1936	1865	1942	2989	2486	2839	2818	2885	2189	2877	2918	2513	2713	2003	2270	2120	3269	2019	2836	2690	2851	2791	1999	2718	2045	3121	2752	3233	2066	3249	0	2845	2817	2854	2492	2960	2477	1919	2003	2652	2649	1865	1923	1964	1953	1928
PD6629db_lo0032	2652	2543	2724	2570	2617	2670	2851	2620	2731	2787	2676	2740	2606	2669	2612	2691	2436	2917	2720	2897	2778	2932	2770	2407	3226	3468	2760	3049	2831	3216	2778	2425	3437	2310	2712	2736	2771	2800	3086	2761	3376	2795	3318	2845	0	3522	2989	3217	2571	2374	2688	2736	2543	2116	2606	2698	2729	2704	2659
PD6629db_lo0033	2624	3129	2598	2458	2579	2582	2735	2592	2625	2673	2626	3518	2584	2539	2494	2567	3596	3083	3482	3491	3560	2830	3542	3573	3096	3364	2712	2935	2993	3934	2702	3539	3303	3488	3492	2666	3395	2682	3762	3443	3854	2705	3888	2817	3522	0	3525	3101	3605	3170	2562	2694	3313	3308	2564	2590	2605	2610	2243
PD6629db_lo0035	2649	2524	2723	2613	2634	2705	2890	2679	2768	2794	2723	2903	2663	2706	2659	2706	3087	3224	2949	2842	2989	2963	2981	3032	3289	3463	2781	3068	3104	3339	2781	2974	3448	2953	2943	2761	2738	2823	3191	2844	3415	2814	3373	2854	2989	3525	0	3238	3064	2575	2691	2779	2748	2757	2629	2715	2742	2729	2678
PD6629db_lo0036	2275	2826	2309	2179	2210	2271	2446	2249	2354	2352	2307	3153	2249	2266	2215	2282	3325	2790	3177	3166	3233	2529	3227	3230	2841	3045	2371	2626	2692	3569	2363	3202	3054	3215	3173	2343	3054	2397	3469	3128	3553	2396	3629	2492	3217	3101	3238	0	3264	2839	2263	2367	2986	2987	2237	2307	2286	1749	2258
PD6629j	2719	2654	2789	2665	2694	2769	2942	2707	2828	2868	2763	2831	2717	2758	2695	2776	2689	3106	2681	2994	2749	3025	2743	2574	3351	3539	2843	3148	3004	3291	2851	2642	3546	2539	2665	2833	2900	2901	3173	2850	3477	2900	3431	2960	2571	3605	3064	3264	0	2311	2783	2831	1922	1659	2723	2773	2820	2799	2748
PD6629k	2230	2157	2288	2178	2203	2268	2445	2226	2323	2375	2288	2352	2230	2261	2216	2281	2476	2747	2122	2537	2180	2534	1810	2437	2874	3084	2376	2649	2667	2828	2374	2347	3057	2338	1988	2342	2399	2410	2668	2365	3024	2407	2930	2477	2374	3170	2575	2839	2311	0	2274	2350	1995	2146	2192	2306	2319	2318	2255
PD6629n	1698	2269	1580	1000	1653	1050	1325	1690	1679	1667	1730	2592	1680	1641	1046	1557	2800	2245	2622	2641	2704	1828	2694	2715	2096	2560	1818	1551	2159	3082	1810	2675	2367	2640	2620	1794	2521	1808	2936	2577	3036	1675	3072	1919	2688	2562	2691	2263	2783	2274	0	1782	2449	2464	1662	1080	1165	1686	1649
PD6629o	1784	2337	1836	1676	1733	1796	1965	1754	1859	1887	1728	2696	1754	1797	1730	1809	2850	2367	2712	2723	2766	2086	2754	2773	2406	2600	1900	2161	2229	3136	1816	2723	2591	2710	2666	1802	2543	1938	2982	2629	3058	1909	3150	2003	2736	2694	2779	2367	2831	2350	1782	0	2497	2504	1744	1804	1835	1836	1771
PD6629p	2407	2330	2481	2339	2366	2441	2600	2409	2506	2540	2449	2513	2381	2418	2379	2456	2665	2930	2381	2716	2429	2709	2405	2594	3051	3199	2515	2812	2834	2963	2519	2510	3218	2519	2373	2507	2570	2579	2859	2526	3177	2560	3091	2652	2543	3313	2748	2986	1922	1995	2449	2497	0	2265	2393	2437	2488	2487	2424
PD6629r	2398	2327	2474	2338	2367	2442	2629	2390	2515	2553	2444	2530	2392	2437	2374	2471	2218	2745	2514	2685	2554	2716	2542	2101	3024	3248	2526	2823	2613	2992	2538	2225	3215	2058	2502	2506	2579	2578	2850	2539	3178	2581	3092	2649	2116	3308	2757	2987	1659	2146	2464	2504	2265	0	2392	2458	2495	2472	2445
PD6629u	1652	2225	1700	1562	1543	1652	1843	1556	1725	1763	1672	2550	1620	1673	1614	1651	2716	2231	2586	2585	2650	1942	2640	2655	2276	2432	1730	2043	2101	3026	1764	2585	2451	2576	2566	1718	2465	1772	2860	2501	2970	1767	3050	1865	2606	2564	2629	2237	2723	2192	1662	1744	2393	2392	0	1678	1701	1696	1659
PD6629v	1710	2277	1582	1002	1677	1088	1325	1694	1717	1673	1734	2622	1696	1643	1074	1563	2802	2257	2638	2677	2716	1854	2706	2713	2120	2562	1826	1561	2163	3118	1820	2673	2381	2634	2646	1794	2543	1790	2960	2589	3028	1693	3118	1923	2698	2590	2715	2307	2773	2306	1080	1804	2437	2458	1678	0	1167	1708	1673
PD6629w	1737	2330	1609	1053	1694	1161	1358	1723	1724	1686	1779	2667	1713	1664	1101	1610	2817	2282	2665	2678	2737	1875	2743	2746	2145	2587	1851	1574	2184	3125	1859	2702	2408	2683	2663	1835	2560	1819	2987	2614	3071	1706	3131	1964	2729	2605	2742	2286	2820	2319	1165	1835	2488	2495	1701	1167	0	1705	1694
PD6629x	1740	2307	1772	1594	1701	1682	1857	1710	1803	1833	1780	2648	1706	1743	1630	1745	2816	2305	2676	2699	2736	2004	2730	2745	2314	2580	1864	2075	2211	3088	1866	2691	2525	2674	2654	1824	2563	1860	2964	2623	3066	1853	3136	1953	2704	2610	2729	1749	2799	2318	1686	1836	2487	2472	1696	1708	1705	0	1725
PD6629y	1695	2268	1681	1555	1656	1655	1814	1687	1720	1744	1721	2603	1687	1646	1597	1662	2791	2224	2633	2648	2691	1929	2673	2716	2283	2583	1799	2044	2134	3079	1819	2674	2476	2663	2591	1801	2498	1777	2927	2568	3043	1796	3059	1928	2659	2243	2678	2258	2748	2255	1649	1771	2424	2445	1659	1673	1694	1725	0
