	PD6646d_lo004	PD6646d_lo005	PD6646d_lo006	PD6646d_lo008	PD6646d_lo009	PD6646d_lo010	PD6646d_lo012	PD6646d_lo014	PD6646d_lo016	PD6646d_lo022	PD6646d_lo024	PD6646d_lo026	PD6646d_lo028	PD6646d_lo030	PD6646d_lo034	PD6646d_lo036	PD6646d_lo039	PD6646d_lo040	PD6646d_lo041	PD6646d_lo042	PD6646d_lo043	PD6646d_lo044	PD6646d_lo045	PD6646d_lo046	PD6646d_lo047	PD6646d_lo048	PD6646d_lo049	PD6646m_lo0002	PD6646m_lo0003	PD6646m_lo0004	PD6646m_lo0005	PD6646m_lo0006	PD6646m_lo0007	PD6646m_lo0008	PD6646m_lo0009	PD6646m_lo0010	PD6646m_lo0011	PD6646m_lo0012	PD6646m_lo0013	PD6646m_lo0015	PD6646m_lo0016	PD6646m_lo0017	PD6646m_lo0018	PD6646m_lo0019	PD6646m_lo0020	PD6646m_lo0021	PD6646m_lo0022	PD6646m_lo0024	PD6646m_lo0025	PD6646m_lo0026	PD6646m_lo0027	PD6646m_lo0028	PD6646m_lo0029	PD6646m_lo0030	PD6646m_lo0031	PD6646m_lo0032	PD6646m_lo0033	PD6646m_lo0034	PD6646m_lo0035	PD6646m_lo0036	PD6646m_lo0037	PD6646m_lo0038	PD6646m_lo0039	PD6646m_lo0040	PD6646m_lo0041	PD6646m_lo0042	PD6646m_lo0043	PD6646m_lo0044	PD6646m_lo0045	PD6646m_lo0046	PD6646m_lo0047	PD6646m_lo0048	PD6646m_lo0049	PD6646m_lo0050	PD6646m_lo0051	PD6646m_lo0052	PD6646m_lo0053	PD6646m_lo0054	PD6646m_lo0056	PD6646m_lo0057	PD6646m_lo0058	PD6646m_lo0059	PD6646m_lo0060	PD6646m_lo0061	PD6646m_lo0062	PD6646m_lo0063	PD6646m_lo0064	PD6646m_lo0065	PD6646m_lo0066	PD6646m_lo0067	PD6646m_lo0068	PD6646m_lo0069	PD6646m_lo0070	PD6646m_lo0071	PD6646m_lo0072	PD6646m_lo0073	PD6646m_lo0074	PD6646m_lo0075	PD6646m_lo0076	PD6646m_lo0077	PD6646m_lo0078	PD6646m_lo0079	PD6646m_lo0080	PD6646m_lo0081	PD6646m_lo0082	PD6646m_lo0083	PD6646m_lo0084	PD6646m_lo0085	PD6646m_lo0086	PD6646m_lo0087	PD6646m_lo0088	PD6646m_lo0089	PD6646m_lo0090	PD6646m_lo0091	PD6646m_lo0092	PD6646m_lo0093	PD6646m_lo0094
PD6646d_lo004	0	3292	3129	3195	2828	3077	2865	2978	3406	3117	2760	2905	2911	2952	3041	2958	2996	3210	4031	4473	4056	3993	4417	4337	5858	4753	4694	3090	4117	3039	3199	3203	4127	3096	5141	3117	5241	4147	4281	3224	3275	3451	3193	3212	3233	4183	3068	3224	4158	3065	4169	3090	5206	3013	3011	3131	3149	5338	3092	5104	2993	2957	3194	3207	3092	4064	5222	3263	3146	4055	3139	3018	4278	3150	4089	2969	5169	3032	4281	5078	3195	2972	3176	5231	3032	5236	3161	5144	5035	4269	5230	2936	5338	5033	5075	3113	3025	3039	3996	3044	3038	4165	2977	3108	4102	4156	3273	4224	3292	2967	4122	2904	4227	3177	5156	4288	4987
PD6646d_lo005	3292	0	2609	2951	2550	2767	2493	2742	3126	2837	2492	2583	2635	2720	2755	2678	2736	2910	3745	4253	3748	3763	4179	4057	5650	4495	4474	2828	3863	2751	2945	2937	3899	2812	4897	2831	5013	3901	4013	2964	2973	3201	2927	2966	2979	3985	2706	3000	3924	2669	3935	2792	4958	2661	2775	2865	2871	5104	2836	4860	2729	2665	2912	2931	2834	3826	4966	2971	2824	3823	2871	2734	4024	2900	3855	2689	4901	2742	4031	4814	2913	2742	2820	4949	2762	4944	2915	4878	4727	4053	4968	2648	5072	4763	4791	2775	2875	2813	3764	2784	2794	3903	2733	2814	3852	3916	3025	3984	3014	2681	3900	2614	3971	2841	4900	4038	4719
PD6646d_lo006	3129	2609	0	2788	2355	2468	2412	2551	2989	2706	2313	2472	2452	2545	2546	2391	2565	2771	3606	3954	3701	3602	4014	3942	5489	4400	4321	2675	3700	2598	2752	2750	3708	2657	4816	2544	4894	3738	3828	2793	2824	2988	2764	2795	2626	3772	2629	2819	3771	2646	3748	2661	4857	2588	2608	2714	2710	5021	2667	4765	2548	2524	2731	2616	2631	3651	4887	2826	2715	3636	2716	2579	3867	2711	3688	2526	4806	2599	3894	4749	2762	2589	2741	4902	2599	4855	2764	4809	4668	3892	4859	2517	4991	4688	4724	2666	2712	2644	3603	2605	2611	3708	2542	2691	3649	3761	2726	3813	2881	2478	3693	2491	3796	2738	4805	3863	4636
PD6646d_lo008	3195	2951	2788	0	2227	2750	2534	2245	2891	2784	2405	2554	2538	2465	2602	2621	2649	2879	3682	4188	3675	3544	4096	4004	5607	4476	4423	2715	3808	2696	2774	2792	3790	2755	4936	2724	4994	3826	3938	2931	2850	3132	2884	2753	2916	3876	2737	2813	3845	2752	3828	2753	4943	2694	2598	2822	2716	5089	2757	4869	2492	2624	2817	2836	2729	3713	4983	2916	2777	3738	2816	2691	3943	2821	3750	2542	4908	2679	3958	4839	2426	2653	2851	4970	2673	4979	2800	4917	4772	3994	4939	2585	5089	4790	4822	2770	2792	2714	3695	2675	2665	3800	2502	2777	3775	3863	2956	3897	2963	2610	3801	2569	3886	2844	4919	3965	4738
PD6646d_lo009	2828	2550	2355	2227	0	2289	2113	2146	2620	2375	1902	2119	2077	2184	2245	2182	2256	2460	3287	3763	3362	3255	3647	3637	5190	4095	4034	2304	3369	2269	2401	2409	3385	2322	4507	2317	4571	3391	3497	2476	2461	2695	2463	2410	2487	3457	2322	2474	3412	2319	3379	2320	4558	2247	2257	2383	2365	4678	2280	4430	2181	2185	2264	2413	2256	3290	4552	2499	2366	3305	2399	2260	3488	2322	3327	2165	4487	2250	3531	4394	2347	2236	2436	4563	2104	4542	2405	4468	4353	3551	4544	2168	4658	4369	4399	2349	2373	2297	3244	2266	2276	3381	2173	2338	3328	3392	2487	3438	2570	2089	3342	2146	3481	2411	4482	3524	4287
PD6646d_lo010	3077	2767	2468	2750	2289	0	2244	2477	2927	2674	2235	2436	2414	2475	2536	2337	2511	2719	3580	3924	3631	3544	3978	3922	5451	4360	4293	2601	3644	2546	2704	2716	3656	2621	4774	2472	4842	3672	3790	2769	2786	2928	2740	2747	2584	3724	2593	2781	3697	2594	3698	2603	4807	2524	2568	2648	2662	4927	2593	4707	2488	2458	2709	2580	2575	3581	4815	2776	2663	3584	2678	2541	3807	2645	3612	2478	4768	2559	3798	4679	2700	2525	2689	4824	2533	4819	2684	4729	4618	3826	4799	2427	4943	4644	4658	2628	2668	2564	3543	2569	2571	3654	2490	2641	3611	3685	2678	3735	2829	2428	3643	2433	3728	2688	4765	3825	4550
PD6646d_lo012	2865	2493	2412	2534	2113	2244	0	2289	2697	2376	2043	2172	2172	2275	2336	2237	2285	2487	3338	3816	3327	3360	3794	3646	5283	4114	4037	2403	3452	2282	2486	2518	3456	2307	4538	2404	4634	3474	3576	2523	2562	2778	2468	2541	2552	3538	2269	2571	3479	2254	3468	2331	4607	2228	2336	2392	2456	4745	2431	4475	2282	2208	2483	2498	2393	3399	4615	2512	2393	3390	2426	2263	3587	2459	3400	2254	4534	2285	3602	4465	2480	2293	2349	4636	2345	4613	2362	4511	4396	3594	4609	2191	4739	4408	4456	2334	2434	2350	3321	2315	2347	3464	2300	2381	3415	3473	2604	3553	2573	2224	3423	2191	3546	2386	4551	3639	4352
PD6646d_lo014	2978	2742	2551	2245	2146	2477	2289	0	2546	2559	2150	2301	2315	2244	2389	2374	2418	2632	3461	3951	3446	3301	3893	3785	5362	4239	4202	2478	3557	2467	2501	2551	3559	2536	4683	2495	4747	3581	3679	2674	2629	2887	2645	2516	2695	3613	2508	2586	3612	2507	3593	2502	4700	2427	2361	2571	2485	4868	2524	4618	2259	2369	2596	2641	2500	3482	4746	2685	2548	3471	2601	2430	3682	2578	3521	2305	4659	2436	3707	4574	2185	2412	2620	4747	2432	4740	2609	4648	4517	3739	4738	2350	4844	4547	4575	2555	2565	2499	3442	2464	2418	3555	2263	2540	3512	3598	2705	3626	2730	2337	3574	2332	3655	2613	4674	3730	4483
PD6646d_lo016	3406	3126	2989	2891	2620	2927	2697	2546	0	2959	2578	2745	2747	2706	2789	2778	2850	3030	3865	4335	3856	3747	4275	4185	5720	4641	4566	2886	3971	2881	2927	2965	3975	2928	5071	2933	5133	3989	4075	3094	3021	3275	3067	2926	3097	4019	2910	2994	4036	2915	3987	2924	5116	2857	2699	2989	2891	5238	2954	5000	2715	2793	3018	3035	2914	3904	5136	3067	2960	3905	3007	2858	4110	3008	3937	2751	5049	2846	4117	4970	2865	2864	3030	5127	2848	5106	3005	5056	4919	4141	5126	2746	5202	4959	4981	2951	2981	2889	3888	2856	2846	3991	2717	2952	3932	4024	3113	4026	3124	2775	3992	2760	4067	3007	5062	4124	4875
PD6646d_lo022	3117	2837	2706	2784	2375	2674	2376	2559	2959	0	2139	2442	2452	2521	2566	2483	2555	2753	3624	4086	3633	3612	4000	3900	5483	4356	4177	2647	3710	2590	2744	2782	3718	2509	4828	2684	4896	3706	3840	2803	2830	3058	2738	2799	2836	3790	2659	2807	3751	2628	3758	2609	4865	2570	2598	2684	2692	4997	2677	4733	2536	2508	2741	2772	2629	3639	4873	2778	2655	3648	2720	2569	3837	2703	3674	2514	4806	2481	3856	4751	2752	2537	2765	4888	2571	4863	2592	4807	4660	3866	4867	2487	4987	4678	4724	2658	2680	2604	3621	2533	2633	3736	2534	2655	3659	3755	2848	3791	2783	2492	3699	2449	3808	2708	4817	3873	4618
PD6646d_lo024	2760	2492	2313	2405	1902	2235	2043	2150	2578	2139	0	2083	2005	2154	2187	2120	2184	2390	3239	3695	3304	3235	3627	3563	5148	4015	3950	2280	3321	2227	2375	2379	3303	2262	4403	2257	4505	3337	3441	2418	2453	2661	2397	2398	2443	3399	2256	2434	3344	2249	3357	2250	4472	2207	2203	2323	2321	4614	2244	4360	2143	2115	2280	2381	2210	3236	4494	2415	2316	3237	2323	2196	3472	2254	3269	2141	4391	2202	3473	4316	2371	2168	2380	4465	2128	4480	2347	4382	4287	3509	4460	2096	4596	4289	4299	2293	2329	2257	3182	2208	2252	3337	2153	2300	3292	3352	2467	3426	2490	2009	3318	2096	3409	2351	4402	3468	4221
PD6646d_lo026	2905	2583	2472	2554	2119	2436	2172	2301	2745	2442	2083	0	1970	2303	2334	2285	2285	2511	3354	3876	3413	3350	3802	3638	5261	4134	4095	2431	3462	2304	2522	2534	3482	2383	4592	2444	4676	3496	3584	2513	2606	2816	2494	2539	2616	3570	2365	2563	3515	2364	3494	2355	4647	2306	2360	2370	2470	4773	2453	4497	2318	2170	2511	2512	2413	3383	4647	2490	2377	3398	2440	2279	3629	2481	3454	2276	4582	2335	3654	4517	2516	2325	2503	4680	2359	4651	2492	4559	4442	3636	4655	2217	4763	4460	4484	2406	2444	2396	3381	2361	2409	3490	2298	2385	3447	3525	2616	3549	2625	2274	3485	2207	3570	2474	4611	3651	4394
PD6646d_lo028	2911	2635	2452	2538	2077	2414	2172	2315	2747	2452	2005	1970	0	2287	2354	2271	2319	2537	3390	3840	3441	3376	3726	3676	5293	4168	4131	2413	3476	2344	2494	2526	3476	2399	4576	2428	4648	3504	3588	2555	2610	2760	2544	2547	2592	3546	2419	2573	3523	2400	3506	2377	4621	2350	2352	2448	2494	4761	2329	4527	2308	2230	2445	2544	2295	3393	4615	2570	2437	3378	2480	2335	3595	2415	3434	2268	4552	2349	3640	4487	2508	2335	2517	4628	2297	4635	2474	4545	4430	3662	4633	2259	4757	4456	4478	2454	2452	2396	3367	2371	2399	3480	2312	2445	3451	3517	2618	3559	2653	2218	3465	2229	3542	2492	4569	3625	4382
PD6646d_lo030	2952	2720	2545	2465	2184	2475	2275	2244	2706	2521	2154	2303	2287	0	2351	2360	2420	2618	3465	3933	3464	3341	3895	3787	5342	4271	4164	2446	3533	2439	2485	2541	3553	2492	4639	2511	4733	3563	3675	2658	2577	2875	2607	2526	2689	3625	2494	2430	3582	2493	3595	2494	4706	2443	2335	2557	2451	4814	2486	4610	2295	2345	2600	2591	2468	3470	4714	2653	2528	3465	2569	2414	3696	2554	3481	2273	4627	2444	3689	4554	2415	2390	2598	4735	2422	4704	2559	4626	4523	3739	4694	2332	4832	4525	4559	2537	2549	2481	3430	2454	2412	3533	2299	2512	3478	3592	2685	3632	2722	2339	3554	2334	3613	2591	4654	3706	4459
PD6646d_lo034	3041	2755	2546	2602	2245	2536	2336	2389	2789	2566	2187	2334	2354	2351	0	2111	2439	2665	3484	3924	3375	3416	3890	3838	5325	4320	4239	2485	3494	2480	2554	2592	3580	2531	4678	2544	4750	3552	3644	2693	2650	2914	2672	2623	2700	3598	2519	2643	3545	2552	3550	2523	4747	2474	2402	2588	2532	4853	2543	4649	2366	2384	2611	2608	2515	3487	4763	2696	2581	3496	2608	2459	3665	2581	3542	2324	4666	2479	3734	4609	2564	2443	2659	4760	2451	4765	2634	4689	4546	3696	4745	2385	4867	4564	4610	2554	2602	2536	3409	2489	2467	3600	2346	2565	3479	3567	2718	3599	2775	2370	3511	2371	3678	2634	4701	3749	4518
PD6646d_lo036	2958	2678	2391	2621	2182	2337	2237	2374	2778	2483	2120	2285	2271	2360	2111	0	2410	2618	3433	3787	3482	3443	3831	3785	5234	4235	4110	2476	3425	2397	2573	2597	3517	2470	4595	2373	4695	3473	3575	2632	2645	2801	2599	2576	2513	3523	2480	2634	3482	2479	3479	2480	4658	2419	2403	2527	2527	4788	2442	4558	2369	2343	2542	2435	2458	3450	4692	2651	2526	3453	2563	2394	3584	2536	3493	2307	4617	2400	3673	4552	2537	2386	2590	4697	2398	4704	2529	4622	4485	3615	4670	2328	4804	4509	4533	2495	2545	2433	3324	2426	2456	3523	2365	2506	3408	3476	2557	3522	2678	2307	3436	2314	3611	2533	4618	3696	4417
PD6646d_lo039	2996	2736	2565	2649	2256	2511	2285	2418	2850	2555	2184	2285	2319	2420	2439	2410	0	2428	3411	3989	3504	3479	3895	3799	5390	4245	4176	2532	3577	2443	2621	2649	3589	2518	4679	2537	4765	3589	3707	2662	2711	2919	2635	2656	2703	3655	2504	2684	3648	2509	3615	2484	4722	2433	2469	2561	2571	4882	2530	4618	2419	2345	2610	2657	2516	3498	4752	2649	2548	3497	2575	2412	3718	2586	3529	2389	4663	2446	3689	4586	2639	2422	2576	4765	2442	4744	2619	4664	4551	3755	4720	2328	4862	4569	4581	2535	2571	2489	3468	2476	2490	3579	2411	2528	3548	3630	2741	3664	2700	2377	3576	2336	3655	2549	4662	3748	4489
PD6646d_lo040	3210	2910	2771	2879	2460	2719	2487	2632	3030	2753	2390	2511	2537	2618	2665	2618	2428	0	3497	4161	3692	3675	4099	3985	5564	4431	4400	2734	3779	2645	2825	2831	3799	2714	4895	2765	4945	3795	3907	2862	2901	3137	2845	2860	2925	3855	2690	2884	3838	2705	3801	2690	4918	2629	2643	2753	2779	5054	2760	4816	2627	2567	2818	2867	2722	3720	4942	2863	2738	3729	2751	2624	3914	2774	3761	2597	4857	2666	3933	4788	2821	2632	2808	4949	2654	4936	2819	4870	4755	3975	4940	2532	5034	4733	4759	2723	2775	2711	3684	2666	2706	3779	2649	2712	3744	3860	2915	3866	2928	2587	3774	2524	3867	2781	4856	3942	4687
PD6646d_lo041	4031	3745	3606	3682	3287	3580	3338	3461	3865	3624	3239	3354	3390	3465	3484	3433	3411	3497	0	4818	4477	4452	4862	4766	6213	5196	5133	3587	4542	3466	3664	3670	4602	3563	5648	3584	5786	4596	4696	3695	3752	3962	3654	3701	3740	4638	3559	3725	4633	3534	4592	3531	5757	3484	3504	3604	3630	5903	3607	5623	3454	3412	3679	3652	3579	4543	5779	3704	3573	4558	3632	3459	4707	3641	4574	3436	5698	3507	4750	5613	3662	3445	3631	5748	3521	5743	3638	5705	5548	4746	5759	3407	5873	5588	5594	3564	3608	3518	4461	3521	3559	4632	3490	3569	4553	4623	3740	4673	3721	3410	4527	3361	4678	3650	5691	4755	5526
PD6646d_lo042	4473	4253	3954	4188	3763	3924	3816	3951	4335	4086	3695	3876	3840	3933	3924	3787	3989	4161	4818	0	4991	4936	5260	5194	6723	5644	5577	4071	5082	4006	4154	4146	4738	4089	6148	3936	6234	5098	5178	4203	4224	4366	4166	4139	4116	5120	4039	4177	5131	4042	5108	4067	6169	3972	3994	4104	4098	6335	4043	6091	3952	3902	4105	4040	4019	5029	6251	4216	4093	4736	4106	3977	5229	4065	5038	3932	6142	3971	5220	6097	4128	3977	4149	6176	3957	6219	4106	6125	5816	5244	6201	3913	6317	6012	6004	4080	4118	4020	4987	3977	4027	5062	3980	4061	5035	5099	4088	5139	4301	3850	5067	3889	5064	4138	6099	5227	5972
PD6646d_lo043	4056	3748	3701	3675	3362	3631	3327	3446	3856	3633	3304	3413	3441	3464	3375	3482	3504	3692	4477	4991	0	4173	4925	4799	6330	5281	5190	3602	4605	3543	3651	3701	4695	3626	5701	3665	5799	4655	4767	3718	3743	4007	3711	3708	3835	4691	3544	3714	4672	3519	4665	3590	5778	3421	3489	3689	3617	5862	3680	5686	3447	3447	3718	3741	3632	4494	5788	3751	3636	4635	3673	3512	4766	3688	4629	3403	5729	3548	4831	5628	3637	3554	3660	5813	3572	5818	3695	5722	5561	4783	5746	3442	5908	5613	5639	3537	3675	3623	4532	3574	3584	4663	3449	3614	4592	4674	3873	4696	3844	3491	4624	3454	4785	3609	5710	4820	5543
PD6646d_lo044	3993	3763	3602	3544	3255	3544	3360	3301	3747	3612	3235	3350	3376	3341	3416	3443	3479	3675	4452	4936	4173	0	4836	4772	6285	5224	5165	3531	4590	3486	3562	3578	4568	3547	5648	3586	5760	4608	4730	3725	3622	3928	3648	3559	3750	4646	3535	3633	4619	3524	4624	3567	5725	3488	3414	3634	3536	5869	3589	5643	3304	3438	3673	3702	3579	4525	5745	3708	3565	4500	3646	3481	4717	3561	4568	3362	5676	3517	4748	5611	3506	3465	3643	5772	3497	5773	3642	5697	5550	4754	5753	3379	5877	5604	5604	3598	3598	3572	4513	3513	3499	4620	3308	3597	4567	4649	3790	4673	3765	3410	4591	3369	4684	3628	5705	4729	5472
PD6646d_lo045	4417	4179	4014	4096	3647	3978	3794	3893	4275	4000	3627	3802	3726	3895	3890	3831	3895	4099	4862	5260	4925	4836	0	5100	6629	5596	5519	3997	5016	3932	4072	4080	4996	3965	6048	3984	6154	5040	5162	4113	4158	4344	4090	4097	4152	5098	3989	4143	5065	4012	5006	3997	6121	3930	3954	4054	4042	6263	3921	6037	3890	3864	4021	4046	3887	4965	6145	4174	4017	4942	4054	3889	5129	3975	4932	3856	6066	3947	5152	5991	4072	3915	4047	6130	3867	6141	4080	6039	5946	5188	6173	3829	6211	5954	6000	3998	4008	3970	4915	3941	3921	5022	3870	3991	4999	5051	4150	5103	4199	3810	5011	3827	5090	4062	6105	5145	5900
PD6646d_lo046	4337	4057	3942	4004	3637	3922	3646	3785	4185	3900	3563	3638	3676	3787	3838	3785	3799	3985	4766	5194	4799	4772	5100	0	6535	5470	5425	3885	4874	3812	4008	3966	4944	3873	6008	3926	6056	4894	5042	3925	4110	4262	3992	4003	4106	4952	3847	4041	4937	3850	4894	3821	6057	3792	3822	3872	3908	6183	3907	5943	3794	3676	3997	4008	3907	4847	6069	4006	3773	4890	3898	3767	5003	3979	4880	3774	6036	3823	5070	5919	3976	3799	3929	6078	3841	6095	3970	6017	5882	5060	6049	3687	6209	5934	5938	3902	3938	3880	4803	3827	3883	4928	3798	3843	4853	4919	4120	4997	4065	3768	4913	3695	5020	3936	6017	5079	5838
PD6646d_lo047	5858	5650	5489	5607	5190	5451	5283	5362	5720	5483	5148	5261	5293	5342	5325	5234	5390	5564	6213	6723	6330	6285	6629	6535	0	6869	6830	5392	4739	5387	5489	5545	5569	5416	6077	5453	6599	4779	4881	5578	5531	5787	5551	5566	5639	4861	5462	5612	4766	5381	4799	5412	6600	5395	5389	5449	5475	6752	5346	6566	5369	5337	5502	5551	5478	5290	6612	5597	5478	5469	5481	5376	4780	5486	5433	5305	6529	5380	5653	6492	5489	5348	5516	6623	5378	6590	5573	6500	6417	4859	6574	5314	6686	6431	6491	5493	5527	5389	4634	5374	5394	5545	5377	5480	4692	4662	5637	4792	5622	5307	4708	5286	5621	5435	6546	5584	6363
PD6646d_lo048	4753	4495	4400	4476	4095	4360	4114	4239	4641	4356	4015	4134	4168	4271	4320	4235	4245	4431	5196	5644	5281	5224	5596	5470	6869	0	5773	4361	5330	4218	4442	4436	5410	4337	6450	4358	6540	5342	5484	4443	4498	4728	4430	4515	4536	5428	4349	4501	5383	4280	5384	4201	6523	4252	4286	4384	4380	6651	4385	6381	4250	4178	4445	4476	4347	5295	6507	4434	4349	5312	4306	4173	5485	4401	5368	4236	6466	4263	5520	6393	4408	4287	4429	6520	4263	6533	4422	6463	6286	5496	6501	4085	6651	6382	6398	4342	4374	4324	5245	4275	4301	5394	4266	4311	5319	5391	4504	5433	4523	4196	5375	4163	5468	4394	6473	5523	6314
PD6646d_lo049	4694	4474	4321	4423	4034	4293	4037	4202	4566	4177	3950	4095	4131	4164	4239	4110	4176	4400	5133	5577	5190	5165	5519	5425	6830	5773	0	4266	5229	4233	4383	4383	5331	4164	6349	4297	6403	5321	5403	4434	4463	4671	4357	4422	4425	5343	4292	4436	5342	4263	5325	4248	6408	4203	4235	4321	4343	6516	4322	6262	4183	4119	4376	4409	4280	5242	6438	4409	4308	5239	4353	4192	5422	4374	5289	4151	6385	4192	5449	6274	4389	4196	4364	6401	4226	6446	4227	6328	6201	5439	6402	4116	6532	6237	6265	4325	4305	4237	5180	4174	4252	5353	4197	4312	5266	5342	4475	5372	4414	4165	5268	4108	5359	4341	6354	5472	6163
PD6646m_lo0002	3090	2828	2675	2715	2304	2601	2403	2478	2886	2647	2280	2431	2413	2446	2485	2476	2532	2734	3587	4071	3602	3531	3997	3885	5392	4361	4266	0	3619	2539	2651	2659	3671	2600	4759	2611	4855	3625	3703	2766	2743	2987	2759	2704	2799	3685	2600	2724	3608	2611	3673	2590	4830	2529	2493	2655	2601	4960	2644	4716	2447	2467	2678	2733	2590	3572	4838	2781	2666	3575	2683	2512	3752	2662	3623	2411	4741	2544	3811	4710	2649	2522	2702	4843	2548	4822	2693	4764	4619	3795	4832	2454	4932	4657	4695	2617	2665	2579	3518	2556	2502	3653	2453	2630	3576	3662	2811	3688	2834	2449	3610	2424	3749	2705	4792	3820	4585
PD6646m_lo0003	4117	3863	3700	3808	3369	3644	3452	3557	3971	3710	3321	3462	3476	3533	3494	3425	3577	3779	4542	5082	4605	4590	5016	4874	4739	5330	5229	3619	0	3580	3720	3716	3640	3603	4238	3642	4768	2796	2844	3811	3796	4030	3746	3743	3788	2866	3651	3785	2781	3600	2840	3609	4753	3596	3610	3660	3684	4879	3535	4761	3548	3510	3715	3760	3617	3365	4749	3802	3689	3552	3722	3555	2931	3695	3544	3508	4650	3575	3734	4593	3688	3547	3755	4746	3595	4749	3744	4645	4576	2952	4745	3487	4861	4564	4608	3690	3738	3604	2623	3599	3621	3642	3558	3669	2751	2819	3828	2845	3861	3504	2739	3477	3716	3630	4693	3721	4478
PD6646m_lo0004	3039	2751	2598	2696	2269	2546	2282	2467	2881	2590	2227	2304	2344	2439	2480	2397	2443	2645	3466	4006	3543	3486	3932	3812	5387	4218	4233	2539	3580	0	2632	2678	3604	2535	4722	2562	4810	3598	3730	2653	2744	2944	2578	2683	2718	3654	2503	2709	3631	2500	3586	2465	4743	2448	2490	2566	2618	4881	2593	4647	2440	2364	2637	2658	2557	3537	4791	2668	2567	3540	2536	2397	3739	2621	3578	2410	4680	2481	3754	4611	2616	2479	2609	4792	2497	4759	2618	4707	4556	3762	4787	2321	4879	4582	4632	2550	2606	2522	3477	2493	2509	3638	2438	2537	3533	3649	2754	3671	2737	2404	3587	2337	3714	2612	4695	3787	4520
PD6646m_lo0005	3199	2945	2752	2774	2401	2704	2486	2501	2927	2744	2375	2522	2494	2485	2554	2573	2621	2825	3664	4154	3651	3562	4072	4008	5489	4442	4383	2651	3720	2632	0	2736	3748	2679	4844	2732	4960	3758	3854	2867	2820	3108	2808	2747	2884	3796	2699	2747	3783	2700	3758	2701	4889	2622	2542	2758	2676	5029	2733	4831	2484	2558	2783	2812	2707	3679	4929	2882	2743	3690	2772	2651	3873	2781	3722	2514	4846	2651	3874	4789	2716	2611	2827	4932	2655	4915	2826	4847	4728	3914	4913	2531	5033	4752	4782	2724	2730	2692	3607	2669	2633	3752	2506	2753	3709	3769	2912	3821	2941	2556	3731	2517	3816	2764	4883	3909	4666
PD6646m_lo0006	3203	2937	2750	2792	2409	2716	2518	2551	2965	2782	2379	2534	2526	2541	2592	2597	2649	2831	3670	4146	3701	3578	4080	3966	5545	4436	4383	2659	3716	2678	2736	0	3776	2731	4854	2730	4956	3736	3836	2891	2768	3094	2846	2763	2898	3794	2733	2793	3713	2698	3768	2695	4925	2660	2574	2758	2658	5051	2759	4807	2538	2572	2817	2820	2705	3689	4963	2894	2771	3704	2776	2647	3865	2753	3724	2504	4876	2653	3914	4799	2736	2611	2839	4938	2661	4925	2794	4851	4732	3916	4945	2547	5067	4758	4780	2746	2776	2692	3637	2673	2621	3794	2512	2737	3703	3777	2928	3837	2907	2576	3727	2535	3854	2816	4867	3923	4694
PD6646m_lo0007	4127	3899	3708	3790	3385	3656	3456	3559	3975	3718	3303	3482	3476	3553	3580	3517	3589	3799	4602	4738	4695	4568	4996	4944	5569	5410	5331	3671	3640	3604	3748	3776	0	3667	4740	3674	4790	3742	3794	3807	3838	4024	3784	3793	3830	3766	3671	3805	3699	3648	3696	3653	4801	3586	3572	3712	3724	4939	3695	4805	3518	3514	3737	3780	3649	3579	4813	3832	3701	2708	3728	3553	3787	3701	3612	3518	4724	3575	3784	4661	3758	3573	3757	4802	3583	4803	3752	4715	4132	3846	4797	3497	4891	4594	4656	3684	3728	3642	3543	3605	3649	3594	3566	3685	3601	3707	3878	3763	3883	3536	3637	3471	3712	3748	4737	3835	4540
PD6646m_lo0008	3096	2812	2657	2755	2322	2621	2307	2536	2928	2509	2262	2383	2399	2492	2531	2470	2518	2714	3563	4089	3626	3547	3965	3873	5416	4337	4164	2600	3603	2535	2679	2731	3667	0	4733	2641	4837	3609	3719	2758	2793	2987	2699	2760	2791	3689	2594	2772	3652	2575	3631	2568	4828	2519	2553	2611	2667	4942	2620	4698	2513	2441	2698	2725	2594	3574	4838	2739	2626	3601	2661	2522	3734	2668	3637	2483	4759	2444	3811	4674	2691	2510	2692	4831	2550	4838	2551	4744	4649	3779	4816	2442	4926	4645	4667	2615	2655	2581	3484	2478	2592	3683	2503	2616	3544	3664	2803	3698	2714	2479	3604	2414	3761	2669	4748	3830	4599
PD6646m_lo0009	5141	4897	4816	4936	4507	4774	4538	4683	5071	4828	4403	4592	4576	4639	4678	4595	4679	4895	5648	6148	5701	5648	6048	6008	6077	6450	6349	4759	4238	4722	4844	4854	4740	4733	0	4784	4128	4300	4392	4841	4942	4914	4890	4879	4934	4358	4765	4907	4321	4660	4302	4731	3803	4694	4654	4802	4808	4247	4715	4079	4642	4594	4815	4858	4731	4521	3885	4890	4783	4654	4814	4675	4303	4803	4610	4594	4024	4615	4856	3573	4808	4639	4851	3872	4685	3851	4828	3693	3944	4406	4013	4631	3917	3460	3424	4816	4830	4722	4115	4713	4731	4732	4628	4801	4195	4215	4946	4343	4949	4604	4237	4577	4808	4798	3721	4841	3778
PD6646m_lo0010	3117	2831	2544	2724	2317	2472	2404	2495	2933	2684	2257	2444	2428	2511	2544	2373	2537	2765	3584	3936	3665	3586	3984	3926	5453	4358	4297	2611	3642	2562	2732	2730	3674	2641	4784	0	4856	3682	3752	2779	2790	2940	2758	2739	2672	3736	2605	2775	3699	2618	3670	2627	4823	2532	2570	2694	2660	4955	2585	4697	2518	2486	2667	2614	2605	3577	4825	2774	2659	3592	2694	2559	3813	2669	3642	2482	4756	2555	3802	4687	2718	2519	2739	4848	2527	4835	2716	4761	4616	3816	4819	2481	4959	4630	4676	2656	2696	2604	3539	2567	2591	3684	2498	2639	3643	3699	2686	3753	2843	2444	3647	2461	3760	2686	4767	3843	4584
PD6646m_lo0011	5241	5013	4894	4994	4571	4842	4634	4747	5133	4896	4505	4676	4648	4733	4750	4695	4765	4945	5786	6234	5799	5760	6154	6056	6599	6540	6403	4855	4768	4810	4960	4956	4790	4837	4128	4856	0	4836	4910	4937	5028	5072	4968	4963	5026	4858	4851	5009	4799	4778	4800	4841	3639	4776	4746	4896	4900	3051	4851	3719	4726	4674	4871	4970	4817	4667	3621	5006	4891	4724	4906	4771	4887	4895	4662	4700	3400	4719	4968	3457	4910	4745	4911	3606	4775	3631	4894	3499	4026	4900	3619	4697	3725	3414	3462	4872	4908	4784	4623	4809	4803	4832	4722	4869	4695	4789	5036	4847	5005	4696	4717	4689	4858	4922	3589	4899	3360
PD6646m_lo0012	4147	3901	3738	3826	3391	3672	3474	3581	3989	3706	3337	3496	3504	3563	3552	3473	3589	3795	4596	5098	4655	4608	5040	4894	4779	5342	5321	3625	2796	3598	3758	3736	3742	3609	4300	3682	4836	0	2844	3849	3844	3994	3758	3767	3830	2948	3697	3831	2747	3630	2920	3627	4811	3616	3600	3698	3714	4939	3563	4817	3556	3542	3751	3766	3649	3453	4803	3846	3731	3632	3730	3593	3007	3721	3618	3534	4722	3607	3804	4661	3730	3593	3793	4768	3593	4805	3760	4727	4646	3032	4799	3529	4937	4594	4666	3740	3730	3642	2689	3603	3679	3702	3554	3691	2841	2907	3872	2937	3881	3500	2831	3487	3764	3656	4755	3833	4582
PD6646m_lo0013	4281	4013	3828	3938	3497	3790	3576	3679	4075	3840	3441	3584	3588	3675	3644	3575	3707	3907	4696	5178	4767	4730	5162	5042	4881	5484	5403	3703	2844	3730	3854	3836	3794	3719	4392	3752	4910	2844	0	3919	3928	4132	3898	3883	3896	2982	3807	3945	2801	3734	2990	3769	4899	3718	3708	3774	3796	5033	3659	4877	3672	3640	3853	3900	3757	3521	4897	3960	3827	3710	3822	3683	3097	3843	3676	3618	4784	3709	3844	4725	3826	3685	3889	4874	3693	4887	3850	4761	4714	3114	4889	3635	5021	4692	4716	3806	3832	3712	2769	3729	3743	3786	3684	3799	2879	2987	3952	2991	4003	3608	2889	3613	3870	3764	4837	3927	4632
PD6646m_lo0015	3224	2964	2793	2931	2476	2769	2523	2674	3094	2803	2418	2513	2555	2658	2693	2632	2662	2862	3695	4203	3718	3725	4113	3925	5578	4443	4434	2766	3811	2653	2867	2891	3807	2758	4841	2779	4937	3849	3919	0	2945	3147	2861	2922	2945	3885	2744	2930	3854	2703	3823	2700	4926	2627	2713	2745	2805	5056	2792	4838	2667	2557	2878	2891	2752	3726	4954	2841	2720	3713	2791	2630	3966	2824	3805	2611	4871	2686	3959	4816	2845	2672	2850	4973	2684	4942	2827	4850	4709	4003	4948	2562	5062	4757	4763	2777	2803	2729	3706	2712	2732	3835	2679	2732	3776	3874	2955	3916	2946	2611	3806	2548	3919	2817	4878	3986	4709
PD6646m_lo0016	3275	2973	2824	2850	2461	2786	2562	2629	3021	2830	2453	2606	2610	2577	2650	2645	2711	2901	3752	4224	3743	3622	4158	4110	5531	4498	4463	2743	3796	2744	2820	2768	3838	2793	4942	2790	5028	3844	3928	2945	0	3180	2906	2857	2970	3922	2775	2829	3859	2776	3842	2777	5005	2724	2656	2844	2750	5111	2817	4875	2600	2662	2877	2918	2789	3767	5007	2962	2851	3786	2856	2707	3963	2827	3794	2584	4948	2721	3960	4869	2798	2695	2899	5030	2715	5001	2858	4921	4792	3996	5001	2623	5121	4838	4864	2830	2850	2770	3693	2741	2711	3862	2588	2831	3785	3861	3014	3925	3001	2666	3797	2599	3932	2868	4927	3979	4736
PD6646m_lo0017	3451	3201	2988	3132	2695	2928	2778	2887	3275	3058	2661	2816	2760	2875	2914	2801	2919	3137	3962	4366	4007	3928	4344	4262	5787	4728	4671	2987	4030	2944	3108	3094	4024	2987	4914	2940	5072	3994	4132	3147	3180	0	3104	3133	3120	4114	3007	3143	4061	2970	4052	2969	4969	2926	2958	3022	3034	5163	2987	4911	2876	2860	3043	3024	2971	3953	5033	3148	3033	3976	3076	2929	4155	3037	3984	2832	4946	2905	4196	4853	3064	2927	3061	5020	2895	5027	3098	4911	4828	4218	5023	2859	5097	4810	4838	3028	3030	2974	3899	2977	2975	4050	2892	3011	3987	4051	3144	4123	3215	2822	4019	2823	4114	3080	4929	4191	4786
PD6646m_lo0018	3193	2927	2764	2884	2463	2740	2468	2645	3067	2738	2397	2494	2544	2607	2672	2599	2635	2845	3654	4166	3711	3648	4090	3992	5551	4430	4357	2759	3746	2578	2808	2846	3784	2699	4890	2758	4968	3758	3898	2861	2906	3104	0	2867	2934	3832	2689	2903	3791	2690	3800	2631	4943	2626	2680	2728	2780	5073	2769	4831	2616	2544	2811	2854	2739	3725	4931	2844	2717	3684	2732	2577	3905	2799	3750	2586	4868	2643	3936	4795	2830	2629	2787	4954	2687	4947	2788	4853	4716	3936	4913	2491	5069	4762	4802	2726	2778	2708	3643	2671	2731	3780	2626	2711	3717	3809	2932	3837	2929	2590	3739	2491	3892	2778	4883	3943	4664
PD6646m_lo0019	3212	2966	2795	2753	2410	2747	2541	2516	2926	2799	2398	2539	2547	2526	2623	2576	2656	2860	3701	4139	3708	3559	4097	4003	5566	4515	4422	2704	3743	2683	2747	2763	3793	2760	4879	2739	4963	3767	3883	2922	2857	3133	2867	0	2899	3835	2734	2814	3798	2721	3765	2714	4936	2685	2581	2785	2731	5060	2746	4796	2509	2613	2826	2857	2714	3720	4970	2911	2774	3729	2815	2652	3892	2808	3761	2559	4885	2644	3927	4796	2699	2648	2842	4957	2646	4938	2803	4874	4751	3917	4912	2586	5042	4759	4767	2783	2811	2713	3652	2696	2640	3789	2495	2750	3732	3824	2931	3844	2956	2577	3764	2560	3873	2821	4886	3912	4715
PD6646m_lo0020	3233	2979	2626	2916	2487	2584	2552	2695	3097	2836	2443	2616	2592	2689	2700	2513	2703	2925	3740	4116	3835	3750	4152	4106	5639	4536	4425	2799	3788	2718	2884	2898	3830	2791	4934	2672	5026	3830	3896	2945	2970	3120	2934	2899	0	3884	2761	2939	3841	2800	3832	2795	5005	2706	2746	2836	2844	5099	2779	4883	2678	2636	2873	2768	2759	3743	4999	2972	2839	3760	2846	2713	3941	2843	3798	2634	4922	2735	3994	4857	2886	2617	2887	5034	2705	5021	2830	4927	4792	3998	4979	2621	5131	4820	4850	2818	2812	2756	3705	2735	2731	3864	2690	2823	3779	3855	2886	3895	3005	2640	3831	2635	3914	2878	4943	4025	4760
PD6646m_lo0021	4183	3985	3772	3876	3457	3724	3538	3613	4019	3790	3399	3570	3546	3625	3598	3523	3655	3855	4638	5120	4691	4646	5098	4952	4861	5428	5343	3685	2866	3654	3796	3794	3766	3689	4358	3736	4858	2948	2982	3885	3922	4114	3832	3835	3884	0	3725	3895	2903	3690	2950	3687	4855	3678	3654	3774	3744	4973	3623	4833	3604	3590	3813	3842	3715	3469	4841	3878	3773	3678	3820	3667	3027	3795	3648	3590	4738	3647	3878	4695	3784	3641	3855	4834	3657	4847	3814	4761	4680	3056	4843	3555	4963	4658	4728	3760	3802	3714	2659	3675	3689	3770	3628	3745	2849	2971	3908	2985	3939	3552	2843	3543	3828	3730	4767	3851	4604
PD6646m_lo0022	3068	2706	2629	2737	2322	2593	2269	2508	2910	2659	2256	2365	2419	2494	2519	2480	2504	2690	3559	4039	3544	3535	3989	3847	5462	4349	4292	2600	3651	2503	2699	2733	3671	2594	4765	2605	4851	3697	3807	2744	2775	3007	2689	2734	2761	3725	0	2760	3680	2447	3685	2562	4816	2463	2537	2641	2657	4964	2642	4726	2489	2429	2692	2735	2624	3588	4850	2741	2620	3601	2649	2494	3810	2676	3625	2459	4783	2524	3811	4684	2705	2516	2590	4845	2558	4836	2667	4746	4615	3825	4812	2406	4948	4645	4653	2545	2651	2571	3564	2540	2564	3687	2501	2624	3618	3712	2827	3744	2806	2427	3664	2392	3759	2619	4750	3840	4573
PD6646m_lo0024	3224	3000	2819	2813	2474	2781	2571	2586	2994	2807	2434	2563	2573	2430	2643	2634	2684	2884	3725	4177	3714	3633	4143	4041	5612	4501	4436	2724	3785	2709	2747	2793	3805	2772	4907	2775	5009	3831	3945	2930	2829	3143	2903	2814	2939	3895	2760	0	3842	2767	3819	2754	4966	2703	2633	2821	2731	5086	2774	4850	2579	2631	2852	2875	2752	3726	4988	2951	2828	3723	2827	2680	3938	2826	3771	2557	4919	2702	3977	4834	2751	2672	2890	4997	2704	4988	2861	4898	4789	3979	4974	2624	5074	4809	4835	2793	2813	2731	3690	2726	2696	3821	2563	2748	3780	3830	2969	3906	2998	2603	3808	2606	3899	2849	4884	3960	4733
PD6646m_lo0025	4158	3924	3771	3845	3412	3697	3479	3612	4036	3751	3344	3515	3523	3582	3545	3482	3648	3838	4633	5131	4672	4619	5065	4937	4766	5383	5342	3608	2781	3631	3783	3713	3699	3652	4321	3699	4799	2747	2801	3854	3859	4061	3791	3798	3841	2903	3680	3842	0	3629	2903	3666	4796	3627	3645	3731	3713	4938	3568	4814	3615	3567	3772	3795	3682	3420	4792	3865	3748	3613	3775	3606	2978	3740	3585	3567	4707	3616	3769	4654	3753	3592	3830	4767	3612	4802	3797	4712	4613	2979	4788	3556	4896	4617	4671	3745	3757	3645	2692	3628	3660	3691	3607	3730	2812	2876	3877	2934	3910	3529	2790	3512	3759	3671	4746	3820	4551
PD6646m_lo0026	3065	2669	2646	2752	2319	2594	2254	2507	2915	2628	2249	2364	2400	2493	2552	2479	2509	2705	3534	4042	3519	3524	4012	3850	5381	4280	4263	2611	3600	2500	2700	2698	3648	2575	4660	2618	4778	3630	3734	2703	2776	2970	2690	2721	2800	3690	2447	2767	3629	0	3614	2553	4763	2432	2540	2612	2652	4879	2625	4659	2506	2416	2677	2718	2597	3573	4757	2706	2591	3608	2588	2495	3711	2653	3626	2470	4704	2531	3834	4625	2688	2485	2569	4754	2545	4771	2684	4695	4578	3790	4753	2407	4879	4578	4582	2570	2630	2568	3481	2547	2573	3684	2480	2613	3567	3643	2820	3697	2795	2458	3601	2385	3742	2596	4705	3833	4500
PD6646m_lo0027	4169	3935	3748	3828	3379	3698	3468	3593	3987	3758	3357	3494	3506	3595	3550	3479	3615	3801	4592	5108	4665	4624	5006	4894	4799	5384	5325	3673	2840	3586	3758	3768	3696	3631	4302	3670	4800	2920	2990	3823	3842	4052	3800	3765	3832	2950	3685	3819	2903	3614	0	3653	4785	3646	3606	3720	3726	4943	3547	4775	3564	3546	3767	3778	3675	3419	4769	3866	3733	3604	3750	3621	2959	3729	3570	3548	4690	3597	3768	4649	3730	3591	3811	4760	3609	4787	3758	4707	4610	2962	4769	3551	4903	4586	4650	3708	3748	3620	2713	3627	3645	3666	3578	3707	2793	2895	3878	2897	3907	3528	2785	3527	3784	3664	4727	3797	4534
PD6646m_lo0028	3090	2792	2661	2753	2320	2603	2331	2502	2924	2609	2250	2355	2377	2494	2523	2480	2484	2690	3531	4067	3590	3567	3997	3821	5412	4201	4248	2590	3609	2465	2701	2695	3653	2568	4731	2627	4841	3627	3769	2700	2777	2969	2631	2714	2795	3687	2562	2754	3666	2553	3653	0	4820	2489	2541	2611	2663	4930	2606	4704	2505	2403	2682	2717	2594	3584	4814	2725	2590	3581	2567	2322	3734	2668	3637	2447	4761	2538	3823	4674	2705	2508	2658	4813	2514	4834	2667	4748	4615	3791	4784	2242	4946	4629	4669	2615	2629	2555	3526	2546	2570	3687	2489	2576	3614	3666	2797	3706	2790	2485	3610	2384	3739	2637	4760	3824	4591
PD6646m_lo0029	5206	4958	4857	4943	4558	4807	4607	4700	5116	4865	4472	4647	4621	4706	4747	4658	4722	4918	5757	6169	5778	5725	6121	6057	6600	6523	6408	4830	4753	4743	4889	4925	4801	4828	3803	4823	3639	4811	4899	4926	5005	4969	4943	4936	5005	4855	4816	4966	4796	4763	4785	4820	0	4723	4707	4871	4865	3784	4852	3646	4701	4641	4866	4943	4800	4666	3382	4965	4890	4739	4883	4750	4918	4844	4665	4657	3589	4690	4933	3162	4891	4738	4918	3371	4742	3358	4895	3076	3805	4911	3466	4702	3358	3117	3147	4857	4881	4773	4628	4764	4768	4785	4709	4836	4710	4782	5005	4838	4974	4671	4754	4676	4855	4909	3200	4886	3237
PD6646m_lo0030	3013	2661	2588	2694	2247	2524	2228	2427	2857	2570	2207	2306	2350	2443	2474	2419	2433	2629	3484	3972	3421	3488	3930	3792	5395	4252	4203	2529	3596	2448	2622	2660	3586	2519	4694	2532	4776	3616	3718	2627	2724	2926	2626	2685	2706	3678	2463	2703	3627	2432	3646	2489	4723	0	2486	2558	2606	4883	2579	4611	2436	2356	2611	2662	2539	3531	4741	2646	2547	3542	2564	2421	3737	2609	3574	2404	4684	2461	3740	4591	2600	2439	2555	4760	2481	4763	2598	4663	4538	3776	4733	2327	4855	4552	4586	2464	2566	2522	3489	2477	2521	3612	2440	2517	3565	3649	2754	3711	2757	2398	3599	2325	3708	2500	4679	3745	4468
PD6646m_lo0031	3011	2775	2608	2598	2257	2568	2336	2361	2699	2598	2203	2360	2352	2335	2402	2403	2469	2643	3504	3994	3489	3414	3954	3822	5389	4286	4235	2493	3610	2490	2542	2574	3572	2553	4654	2570	4746	3600	3708	2713	2656	2958	2680	2581	2746	3654	2537	2633	3645	2540	3606	2541	4707	2486	0	2594	2496	4837	2561	4617	2346	2416	2621	2670	2521	3531	4745	2726	2597	3522	2638	2451	3733	2613	3564	2336	4648	2481	3764	4607	2538	2447	2655	4720	2487	4729	2650	4655	4522	3766	4727	2389	4845	4538	4566	2590	2564	2494	3485	2469	2485	3604	2350	2555	3555	3645	2738	3683	2751	2402	3589	2369	3664	2626	4663	3717	4486
PD6646m_lo0032	3131	2865	2714	2822	2383	2648	2392	2571	2989	2684	2323	2370	2448	2557	2588	2527	2561	2753	3604	4104	3689	3634	4054	3872	5449	4384	4321	2655	3660	2566	2758	2758	3712	2611	4802	2694	4896	3698	3774	2745	2844	3022	2728	2785	2836	3774	2641	2821	3731	2612	3720	2611	4871	2558	2594	0	2698	4985	2677	4755	2538	2416	2725	2768	2659	3647	4859	2724	2621	3624	2682	2525	3831	2755	3674	2500	4812	2585	3880	4701	2746	2577	2709	4864	2599	4847	2746	4801	4682	3876	4859	2453	4977	4690	4718	2664	2704	2612	3583	2585	2629	3760	2542	2623	3643	3747	2876	3799	2869	2524	3675	2435	3788	2696	4811	3863	4606
PD6646m_lo0033	3149	2871	2710	2716	2365	2662	2456	2485	2891	2692	2321	2470	2494	2451	2532	2527	2571	2779	3630	4098	3617	3536	4042	3908	5475	4380	4343	2601	3684	2618	2676	2658	3724	2667	4808	2660	4900	3714	3796	2805	2750	3034	2780	2731	2844	3744	2657	2731	3713	2652	3726	2663	4865	2606	2496	2698	0	4979	2683	4773	2444	2522	2755	2760	2641	3637	4869	2812	2707	3666	2720	2581	3829	2723	3678	2460	4812	2607	3854	4723	2670	2569	2763	4870	2599	4869	2750	4799	4652	3856	4873	2493	5005	4698	4720	2676	2732	2610	3563	2613	2593	3712	2470	2687	3649	3739	2860	3771	2869	2496	3701	2471	3830	2722	4803	3869	4610
PD6646m_lo0034	5338	5104	5021	5089	4678	4927	4745	4868	5238	4997	4614	4773	4761	4814	4853	4788	4882	5054	5903	6335	5862	5869	6263	6183	6752	6651	6516	4960	4879	4881	5029	5051	4939	4942	4247	4955	3051	4939	5033	5056	5111	5163	5073	5060	5099	4973	4964	5086	4938	4879	4943	4930	3784	4883	4837	4985	4979	0	4960	3830	4835	4763	5002	5041	4904	4788	3706	5117	4986	4863	4999	4840	5022	5004	4791	4793	3453	4852	5063	3552	5017	4854	5056	3677	4878	3708	5043	3608	4125	5031	3720	4800	3784	3521	3565	4969	5011	4903	4736	4898	4906	4961	4801	4972	4852	4914	5159	4956	5134	4791	4886	4806	4997	5005	3676	5020	3455
PD6646m_lo0035	3092	2836	2667	2757	2280	2593	2431	2524	2954	2677	2244	2453	2329	2486	2543	2442	2530	2760	3607	4043	3680	3589	3921	3907	5346	4385	4322	2644	3535	2593	2733	2759	3695	2620	4715	2585	4851	3563	3659	2792	2817	2987	2769	2746	2779	3623	2642	2774	3568	2625	3547	2606	4852	2579	2561	2677	2683	4960	0	4702	2529	2503	2652	2703	2460	3556	4824	2809	2684	3591	2709	2560	3626	2610	3639	2497	4737	2568	3803	4704	2701	2536	2742	4835	2494	4838	2721	4782	4635	3695	4852	2490	4960	4651	4671	2663	2677	2597	3426	2576	2606	3687	2507	2660	3486	3572	2803	3624	2844	2399	3514	2470	3761	2713	4794	3818	4597
PD6646m_lo0036	5104	4860	4765	4869	4430	4707	4475	4618	5000	4733	4360	4497	4527	4610	4649	4558	4618	4816	5623	6091	5686	5643	6037	5943	6566	6381	6262	4716	4761	4647	4831	4807	4805	4698	4079	4697	3719	4817	4877	4838	4875	4911	4831	4796	4883	4833	4726	4850	4814	4659	4775	4704	3646	4611	4617	4755	4773	3830	4702	0	4597	4541	4762	4807	4672	4660	3580	4847	4734	4713	4761	4608	4878	4756	4655	4521	3647	4590	4935	3446	4789	4630	4782	3545	4636	3592	4761	3486	3951	4891	3228	4522	3710	3395	3439	4729	4765	4615	4610	4658	4678	4813	4575	4722	4720	4776	4911	4840	4870	4531	4718	4546	4845	4763	3550	4876	3015
PD6646m_lo0037	2993	2729	2548	2492	2181	2488	2282	2259	2715	2536	2143	2318	2308	2295	2366	2369	2419	2627	3454	3952	3447	3304	3890	3794	5369	4250	4183	2447	3548	2440	2484	2538	3518	2513	4642	2518	4726	3556	3672	2667	2600	2876	2616	2509	2678	3604	2489	2579	3615	2506	3564	2505	4701	2436	2346	2538	2444	4835	2529	4597	0	2350	2599	2614	2489	3479	4701	2652	2531	3462	2540	2423	3709	2551	3510	2296	4638	2437	3704	4567	2464	2389	2623	4706	2425	4681	2588	4605	4496	3752	4691	2327	4799	4526	4552	2520	2552	2474	3455	2447	2431	3572	2162	2521	3507	3591	2730	3607	2695	2358	3523	2321	3628	2600	4635	3723	4420
PD6646m_lo0038	2957	2665	2524	2624	2185	2458	2208	2369	2793	2508	2115	2170	2230	2345	2384	2343	2345	2567	3412	3902	3447	3438	3864	3676	5337	4178	4119	2467	3510	2364	2558	2572	3514	2441	4594	2486	4674	3542	3640	2557	2662	2860	2544	2613	2636	3590	2429	2631	3567	2416	3546	2403	4641	2356	2416	2416	2522	4763	2503	4541	2350	0	2559	2584	2451	3431	4663	2470	2453	3454	2482	2359	3663	2539	3480	2338	4584	2371	3694	4511	2548	2369	2529	4686	2421	4649	2524	4573	4450	3714	4663	2269	4771	4490	4514	2448	2510	2434	3409	2405	2453	3524	2348	2433	3471	3567	2672	3591	2651	2310	3535	2227	3608	2522	4595	3689	4410
PD6646m_lo0039	3194	2912	2731	2817	2264	2709	2483	2596	3018	2741	2280	2511	2445	2600	2611	2542	2610	2818	3679	4105	3718	3673	4021	3997	5502	4445	4376	2678	3715	2637	2783	2817	3737	2698	4815	2667	4871	3751	3853	2878	2877	3043	2811	2826	2873	3813	2692	2852	3772	2677	3767	2682	4866	2611	2621	2725	2755	5002	2652	4762	2599	2559	0	2793	2622	3676	4896	2891	2768	3653	2761	2602	3894	2676	3697	2545	4793	2628	3861	4762	2809	2600	2806	4883	2442	4870	2773	4796	4673	3893	4860	2528	4996	4687	4725	2737	2743	2661	3612	2640	2670	3747	2589	2704	3694	3790	2867	3822	2930	2485	3720	2534	3829	2799	4818	3868	4605
PD6646m_lo0040	3207	2931	2616	2836	2413	2580	2498	2641	3035	2772	2381	2512	2544	2591	2608	2435	2657	2867	3652	4040	3741	3702	4046	4008	5551	4476	4409	2733	3760	2658	2812	2820	3780	2725	4858	2614	4970	3766	3900	2891	2918	3024	2854	2857	2768	3842	2735	2875	3795	2718	3778	2717	4943	2662	2670	2768	2760	5041	2703	4807	2614	2584	2793	0	2705	3697	4937	2892	2795	3690	2804	2651	3899	2779	3710	2598	4882	2665	3900	4787	2816	2643	2819	4926	2633	4931	2828	4867	4722	3934	4915	2567	5037	4742	4780	2754	2792	2700	3639	2679	2705	3802	2608	2757	3743	3785	2804	3849	2963	2556	3737	2579	3864	2804	4865	3949	4682
