	PD9478aa	PD9478ab	PD9478ad	PD9478ae	PD9478ah	PD9478aj	PD9478ak	PD9478am	PD9478an	PD9478ap	PD9478aq	PD9478ar	PD9478as	PD9478at	PD9478au	PD9478av	PD9478aw	PD9478ax	PD9478ay	PD9478az	PD9478ba	PD9478bb	PD9478bc	PD9478bd	PD9478be	PD9478bg	PD9478bh	PD9478bi	PD9478bj	PD9478bk	PD9478bm	PD9478bn	PD9478bp	PD9478bq	PD9478br	PD9478bt	PD9478bv	PD9478bw	PD9478bx	PD9478by	PD9478bz	PD9478ca	PD9478cb	PD9478cc	PD9478cd	PD9478ce	PD9478cf	PD9478cg	PD9478ch	PD9478ci	PD9478cj	PD9478ck	PD9478cl	PD9478cm	PD9478cn	PD9478co	PD9478cp	PD9478cq	PD9478cr	PD9478cs	PD9478ct	PD9478cu	PD9478cv	PD9478cw	PD9478cx	PD9478cy	PD9478cz	PD9478da	PD9478db	PD9478dc	PD9478l	PD9478n	PD9478o	PD9478p	PD9478q	PD9478r	PD9478t	PD9478v	PD9478w	PD9478z
PD9478aa	0	1559	1225	1376	1413	1425	1366	1378	3003	1483	1316	1375	2894	1385	1103	1559	1499	1540	1542	1549	1626	1523	1436	1512	1685	1575	1539	1667	1583	1732	1527	3038	1623	1454	1508	1575	3321	1462	1411	1541	1556	1616	1516	1547	1600	1312	1502	3145	1606	2935	1507	1492	1580	1472	1630	1414	2924	1280	1428	1487	1440	1484	3206	2973	1548	1688	1655	1578	1482	1515	1321	1275	1422	1540	1427	1419	1488	1418	1486	1438
PD9478ab	1559	0	1510	1581	1254	1668	1543	1389	3190	1660	1583	1228	3089	1570	1526	1894	1652	1747	1745	1762	1551	1634	1411	1373	1866	1806	1416	1890	1800	1561	1766	3221	1806	1651	1515	1718	3492	1853	1640	1824	1395	1775	1479	1782	1787	1635	1707	3316	1739	3132	1450	1703	1763	1609	1659	1749	3129	1641	1459	1662	1773	1599	3383	3164	1473	1693	1774	1411	1829	1738	1286	1486	1271	1713	1664	1554	1515	1595	1691	1667
PD9478ad	1225	1510	0	1289	1330	1354	1303	1299	2940	1402	1151	1294	2837	1326	1184	1582	1430	1479	1461	1456	1547	1456	1367	1443	1588	1516	1480	1582	1512	1653	1442	2969	1560	1371	1427	1478	3262	1511	1336	1430	1491	1547	1449	1476	1541	1315	1447	3076	1537	2878	1432	1419	1501	1401	1549	1419	2873	1287	1377	1424	1441	1407	3137	2908	1479	1603	1606	1493	1483	1434	1252	1202	1345	1467	1350	1354	1405	1343	1413	1367
PD9478ae	1376	1581	1289	0	1405	1445	1370	1372	3017	1507	1374	1385	2912	1413	1319	1699	1503	1560	1550	1413	1626	1539	1444	1536	1681	1597	1557	1679	1595	1734	1527	3044	1625	1436	1510	1569	3337	1626	1425	1627	1556	1608	1528	1569	1630	1448	1536	3155	1598	2943	1515	1358	1578	1488	1664	1534	2950	1426	1444	1505	1568	1480	3212	2991	1556	1710	1669	1594	1612	1527	1329	1289	1430	1554	1451	1433	1492	1416	1502	1278
PD9478ah	1413	1254	1330	1405	0	1498	1391	1219	3012	1508	1423	1064	2911	1422	1362	1704	1470	1581	1591	1614	1383	1498	1253	1213	1688	1644	1238	1726	1632	1403	1598	3075	1652	1481	1365	1572	3358	1687	1474	1664	1165	1633	1333	1632	1613	1483	1533	3158	1583	2968	1306	1553	1587	1453	1501	1575	2967	1473	1285	1500	1619	1431	3227	3028	1323	1537	1622	1257	1663	1570	1114	1326	1105	1545	1478	1396	1351	1425	1511	1465
PD9478aj	1425	1668	1354	1445	1498	0	1443	1443	3084	1572	1435	1464	3009	1466	1370	1756	1568	1623	1605	1612	1649	1628	1517	1619	1746	1476	1634	1572	1470	1823	1352	3109	1704	1535	1585	1634	3414	1695	1404	1682	1665	1695	1611	1514	1715	1491	1603	3234	1695	2868	1612	1581	1621	1551	1717	1603	3025	1491	1527	1570	1641	1573	3283	3076	1653	1797	1758	1657	1677	1600	1414	1370	1505	1619	1434	1504	1585	1495	1579	1527
PD9478ak	1366	1543	1303	1370	1391	1443	0	1344	3005	1477	1388	1353	2894	1131	1317	1695	1471	1556	1550	1557	1584	1513	1412	1512	1647	1589	1513	1713	1609	1702	1557	3048	1607	1456	1476	1533	3335	1644	1439	1625	1544	1582	1502	1587	1602	1432	1502	3137	1574	2931	1483	1508	1554	1456	1612	1550	2936	1432	1400	1093	1586	1458	3198	2977	1538	1660	1651	1536	1638	1533	1303	1287	1400	1508	1471	1401	1464	1404	1496	1470
PD9478am	1378	1389	1299	1372	1219	1443	1344	0	2965	1459	1376	1181	2878	1355	1319	1671	1433	1542	1548	1567	1438	1447	1252	1348	1639	1597	1353	1691	1621	1538	1549	3020	1613	1440	1230	1519	3307	1618	1425	1627	1386	1586	1354	1577	1584	1432	1484	3123	1544	2915	1343	1516	1562	1418	1458	1540	2910	1424	1092	1453	1584	1402	3164	2977	1368	1484	1581	1402	1630	1535	1123	1281	1248	1504	1457	1363	1296	1390	1478	1448
PD9478an	3003	3190	2940	3017	3012	3084	3005	2965	0	3052	3007	2982	2761	3014	2962	3328	3100	3173	3185	3188	3241	3158	3045	3145	3268	3234	3154	3318	3228	3341	3166	3001	3208	3085	3127	3164	3156	3245	3062	3256	3177	3207	3149	3224	3245	3073	3127	3062	3217	3228	3148	3147	3189	3091	3239	3159	2797	3061	3063	3112	3215	3101	3063	2830	3175	3283	3274	3203	3259	3138	2926	2912	3025	3153	3080	3026	3089	3033	3111	3077
PD9478ap	1483	1660	1402	1507	1508	1572	1477	1459	3052	0	1495	1466	3013	1492	1430	1816	1590	1667	1659	1676	1707	1626	1537	1627	1582	1722	1632	1792	1732	1825	1654	3151	1662	1565	1579	1624	3426	1759	1560	1754	1651	1649	1617	1706	1733	1559	1443	3232	1697	3050	1586	1639	1515	1573	1707	1641	3025	1547	1521	1584	1685	1561	3285	3076	1639	1775	1750	1669	1735	1646	1408	1408	1515	1625	1562	1516	1581	1509	1613	1575
PD9478aq	1316	1583	1151	1374	1423	1435	1388	1376	3007	1495	0	1381	2918	1403	1271	1663	1517	1554	1562	1575	1622	1547	1448	1532	1699	1581	1543	1671	1595	1734	1529	3048	1661	1458	1504	1579	3351	1578	1419	1517	1566	1638	1536	1555	1632	1408	1532	3159	1626	2959	1533	1516	1594	1476	1632	1506	2940	1390	1440	1503	1536	1486	3208	2999	1552	1686	1667	1588	1588	1533	1323	1301	1428	1548	1451	1431	1492	1432	1508	1458
PD9478ar	1375	1228	1294	1385	1064	1464	1353	1181	2982	1466	1381	0	2841	1380	1316	1664	1462	1533	1555	1588	1331	1462	1209	1173	1660	1626	1218	1694	1614	1383	1554	3035	1624	1451	1333	1540	3314	1645	1440	1632	1231	1587	1307	1600	1575	1449	1491	3122	1549	2924	1264	1523	1561	1431	1469	1547	2925	1427	1249	1472	1577	1405	3191	2984	1267	1503	1574	1229	1629	1534	1068	1284	1067	1519	1464	1370	1311	1401	1501	1467
PD9478as	2894	3089	2837	2912	2911	3009	2894	2878	2761	3013	2918	2841	0	2913	2857	2805	3029	3082	3078	3083	3154	3059	2950	3042	3169	3129	3059	3229	3135	3230	3081	2912	3149	2988	3028	3089	3083	3172	2975	3171	3076	3132	3048	3119	3150	2984	3042	2975	3134	3159	3035	3052	3108	2994	3182	3086	2712	2974	2954	3007	3116	3002	2984	2765	3070	3208	3175	3094	3160	3071	2839	2797	2930	3054	2995	2935	3016	2948	3010	2984
PD9478at	1385	1570	1326	1413	1422	1466	1131	1355	3014	1492	1403	1380	2913	0	1350	1724	1468	1563	1571	1594	1619	1524	1433	1509	1678	1626	1524	1714	1632	1727	1578	3081	1638	1477	1505	1576	3336	1645	1460	1668	1561	1617	1527	1612	1617	1485	1519	3158	1607	2954	1508	1541	1559	1471	1631	1563	2955	1453	1431	1246	1617	1485	3227	2996	1559	1687	1670	1571	1669	1544	1316	1316	1409	1543	1486	1410	1493	1431	1519	1481
PD9478au	1103	1526	1184	1319	1362	1370	1317	1319	2962	1430	1271	1316	2857	1350	0	1514	1440	1499	1481	1500	1585	1478	1385	1485	1626	1532	1496	1634	1522	1681	1458	2993	1584	1383	1459	1508	3272	1415	1366	1510	1523	1565	1477	1508	1567	1265	1451	3110	1557	2904	1470	1439	1525	1435	1581	1369	2891	1229	1377	1432	1381	1431	3139	2948	1503	1643	1628	1537	1447	1462	1276	1232	1377	1481	1380	1370	1459	1377	1431	1381
PD9478av	1559	1894	1582	1699	1704	1756	1695	1671	3328	1816	1663	1664	2805	1724	1514	0	1812	1877	1867	1876	1933	1834	1755	1835	1966	1900	1860	1994	1892	2033	1842	3345	1952	1761	1811	1886	3634	1797	1746	1890	1869	1935	1837	1894	1933	1415	1849	3468	1927	3172	1826	1823	1913	1799	1959	1673	3263	1635	1737	1830	1765	1811	3513	3316	1873	1999	1980	1883	1825	1834	1646	1614	1737	1849	1744	1768	1821	1743	1823	1775
PD9478aw	1499	1652	1430	1503	1470	1568	1471	1433	3100	1590	1517	1462	3029	1468	1440	1812	0	1663	1645	1702	1697	1602	1501	1587	1762	1716	1598	1806	1724	1785	1666	3167	1726	1563	1569	1652	3416	1755	1560	1750	1629	1703	1587	1700	1671	1549	1609	3254	1645	3058	1584	1635	1687	1489	1693	1647	3069	1537	1511	1584	1701	1541	3289	3112	1623	1759	1726	1627	1743	1624	1382	1416	1499	1647	1576	1454	1559	1517	1607	1581
PD9478ax	1540	1747	1479	1560	1581	1623	1556	1542	3173	1667	1554	1533	3082	1563	1499	1877	1663	0	1506	1729	1786	1707	1606	1690	1829	1763	1699	1861	1771	1892	1737	3212	1795	1500	1660	1717	3505	1780	1597	1795	1730	1778	1706	1775	1804	1632	1684	3329	1764	3093	1685	1698	1746	1652	1804	1710	3132	1590	1606	1671	1750	1646	3356	3163	1728	1842	1851	1748	1784	1575	1491	1327	1606	1712	1637	1603	1668	1586	1302	1626
PD9478ay	1542	1745	1461	1550	1591	1605	1550	1548	3185	1659	1562	1555	3078	1571	1481	1867	1645	1506	0	1737	1788	1723	1596	1702	1851	1777	1697	1847	1755	1886	1705	3220	1803	1492	1668	1715	3497	1788	1615	1795	1720	1764	1688	1757	1800	1626	1706	3297	1762	3093	1655	1692	1746	1636	1814	1712	3082	1598	1604	1661	1762	1662	3378	3165	1716	1856	1827	1738	1800	1547	1497	1327	1578	1708	1631	1605	1662	1598	1454	1622
PD9478az	1549	1762	1456	1413	1614	1612	1557	1567	3188	1676	1575	1588	3083	1594	1500	1876	1702	1729	1737	0	1813	1728	1631	1729	1872	1762	1736	1856	1774	1913	1710	3241	1830	1627	1673	1748	3514	1811	1596	1808	1749	1779	1689	1728	1813	1631	1715	3340	1785	3108	1716	1571	1757	1673	1837	1725	3135	1593	1625	1688	1745	1667	3401	3168	1751	1881	1834	1765	1799	1704	1532	1468	1609	1705	1622	1608	1687	1639	1683	1495
PD9478ba	1626	1551	1547	1626	1383	1649	1584	1438	3241	1707	1622	1331	3154	1619	1585	1933	1697	1786	1788	1813	0	1703	1438	1498	1869	1827	1519	1909	1811	1682	1775	3264	1827	1694	1568	1771	3553	1888	1673	1883	1508	1828	1540	1813	1834	1688	1736	3373	1790	3159	1527	1768	1792	1664	1690	1790	3184	1676	1504	1695	1816	1642	3432	3219	1412	1744	1815	1544	1868	1773	1329	1533	1392	1760	1701	1631	1552	1648	1726	1706
PD9478bb	1523	1634	1456	1539	1498	1628	1513	1447	3158	1626	1547	1462	3059	1524	1478	1834	1602	1707	1723	1728	1703	0	1515	1603	1794	1758	1614	1868	1780	1789	1724	3189	1770	1615	1587	1688	3476	1769	1598	1784	1645	1741	1577	1762	1733	1603	1659	3302	1727	3088	1592	1683	1729	1579	1713	1695	3113	1585	1511	1600	1749	1501	3359	3138	1639	1765	1668	1663	1781	1678	1400	1458	1513	1665	1608	1532	1569	1555	1657	1645
PD9478bc	1436	1411	1367	1444	1253	1517	1412	1252	3045	1537	1448	1209	2950	1433	1385	1755	1501	1606	1596	1631	1438	1515	0	1362	1701	1663	1385	1757	1667	1530	1599	3104	1675	1504	1376	1597	3385	1698	1505	1675	1394	1660	1322	1663	1638	1506	1560	3211	1610	2989	1353	1580	1634	1482	1526	1610	3006	1500	1318	1519	1652	1466	3252	3043	1374	1554	1659	1420	1684	1589	1109	1351	1262	1578	1523	1427	1376	1460	1562	1518
PD9478bd	1512	1373	1443	1536	1213	1619	1512	1348	3145	1627	1532	1173	3042	1509	1485	1835	1587	1690	1702	1729	1498	1603	1362	0	1823	1775	1367	1855	1765	1428	1703	3202	1757	1604	1484	1691	3495	1780	1589	1791	1344	1752	1448	1745	1720	1604	1646	3287	1710	3085	1417	1670	1704	1572	1604	1694	3080	1582	1402	1607	1742	1544	3324	3125	1438	1656	1737	1274	1778	1691	1241	1441	1176	1662	1605	1523	1472	1566	1662	1620
PD9478be	1685	1866	1588	1681	1688	1746	1647	1639	3268	1582	1699	1660	3169	1678	1626	1966	1762	1829	1851	1872	1869	1794	1701	1823	0	1878	1808	1982	1888	1973	1828	3319	1834	1739	1749	1796	3570	1907	1746	1920	1817	1813	1797	1884	1889	1739	1637	3420	1867	3232	1784	1809	1687	1765	1873	1821	3211	1705	1687	1756	1867	1743	3447	3258	1827	1947	1914	1839	1909	1812	1608	1586	1701	1781	1744	1696	1777	1679	1777	1755
PD9478bg	1575	1806	1516	1597	1644	1476	1589	1597	3234	1722	1581	1626	3129	1626	1532	1900	1716	1763	1777	1762	1827	1758	1663	1775	1878	0	1756	1710	1418	1931	1544	3265	1842	1689	1729	1800	3550	1813	1560	1828	1787	1821	1749	1656	1851	1621	1733	3372	1831	3172	1744	1723	1767	1695	1861	1739	3173	1647	1661	1708	1773	1697	3429	3196	1787	1919	1880	1803	1819	1714	1560	1516	1647	1767	1576	1628	1723	1641	1721	1667
PD9478bh	1539	1416	1480	1557	1238	1634	1513	1353	3154	1632	1543	1218	3059	1524	1496	1860	1598	1699	1697	1736	1519	1614	1385	1367	1808	1756	0	1850	1772	1561	1728	3205	1782	1617	1495	1702	3492	1797	1602	1802	1399	1749	1449	1760	1735	1611	1673	3310	1715	3076	1412	1705	1715	1591	1621	1713	3083	1607	1417	1622	1731	1569	3347	3148	1449	1651	1746	1421	1785	1680	1264	1450	1247	1673	1638	1536	1461	1567	1651	1631
PD9478bi	1667	1890	1582	1679	1726	1572	1713	1691	3318	1792	1671	1694	3229	1714	1634	1994	1806	1861	1847	1856	1909	1868	1757	1855	1982	1710	1850	0	1718	2031	1662	3333	1918	1771	1811	1864	3656	1917	1656	1922	1871	1933	1843	1750	1937	1741	1831	3456	1917	3252	1838	1803	1849	1797	1931	1807	3277	1741	1741	1810	1865	1797	3505	3312	1869	2011	1984	1891	1911	1836	1642	1612	1737	1849	1656	1752	1819	1733	1809	1755
PD9478bj	1583	1800	1512	1595	1632	1470	1609	1621	3228	1732	1595	1614	3135	1632	1522	1892	1724	1771	1755	1774	1811	1780	1667	1765	1888	1418	1772	1718	0	1955	1562	3251	1838	1685	1741	1800	3536	1827	1574	1850	1791	1847	1775	1664	1857	1641	1751	3364	1849	3184	1750	1729	1779	1707	1867	1741	3177	1651	1673	1724	1783	1725	3431	3222	1787	1905	1906	1789	1829	1732	1568	1522	1657	1765	1588	1658	1735	1651	1733	1659
PD9478bk	1732	1561	1653	1734	1403	1823	1702	1538	3341	1825	1734	1383	3230	1727	1681	2033	1785	1892	1886	1913	1682	1789	1530	1428	1973	1931	1561	2031	1955	0	1903	3394	1927	1810	1662	1871	3635	1976	1797	1977	1550	1934	1648	1933	1920	1784	1854	3463	1876	3257	1615	1874	1904	1762	1800	1892	3278	1770	1592	1787	1928	1746	3544	3319	1594	1840	1911	1462	1984	1871	1435	1649	1366	1858	1813	1713	1674	1738	1840	1784
PD9478bm	1527	1766	1442	1527	1598	1352	1557	1549	3166	1654	1529	1554	3081	1578	1458	1842	1666	1737	1705	1710	1775	1724	1599	1703	1828	1544	1728	1662	1562	1903	0	3163	1800	1637	1665	1738	3500	1777	1498	1778	1747	1771	1723	1600	1807	1617	1681	3322	1765	3090	1704	1667	1727	1665	1813	1697	3109	1593	1617	1664	1729	1659	3387	3162	1731	1865	1860	1759	1779	1702	1498	1476	1595	1709	1510	1612	1687	1607	1677	1615
PD9478bn	3038	3221	2969	3044	3075	3109	3048	3020	3001	3151	3048	3035	2912	3081	2993	3345	3167	3212	3220	3241	3264	3189	3104	3202	3319	3265	3205	3333	3251	3394	3163	0	3265	3136	3154	3223	3343	3284	3105	3287	3206	3270	3186	3217	3294	3112	3160	3193	3254	3393	3163	3188	3236	3148	3300	3198	2960	3102	3104	3157	3258	3146	3228	3029	3228	3320	3305	3252	3286	3189	2983	2971	3090	3182	3119	3069	3148	3072	3170	3132
PD9478bp	1623	1806	1560	1625	1652	1704	1607	1613	3208	1662	1661	1624	3149	1638	1584	1952	1726	1795	1803	1830	1827	1770	1675	1757	1834	1842	1782	1918	1838	1927	1800	3265	0	1715	1727	1768	3546	1859	1712	1884	1789	1681	1761	1850	1839	1717	1685	3380	1831	3182	1752	1755	1769	1715	1879	1793	3199	1673	1675	1728	1833	1715	3433	3222	1791	1903	1876	1813	1881	1774	1558	1536	1665	1747	1716	1662	1711	1639	1749	1703
PD9478bq	1454	1651	1371	1436	1481	1535	1456	1440	3085	1565	1458	1451	2988	1477	1383	1761	1563	1500	1492	1627	1694	1615	1504	1604	1739	1689	1617	1771	1685	1810	1637	3136	1715	0	1574	1615	3391	1706	1521	1693	1636	1664	1614	1659	1708	1524	1576	3215	1682	3029	1585	1596	1654	1558	1712	1616	3040	1494	1520	1573	1638	1560	3284	3071	1632	1768	1753	1656	1706	1455	1397	1237	1514	1626	1543	1505	1574	1498	1452	1526
PD9478br	1508	1515	1427	1510	1365	1585	1476	1230	3127	1579	1504	1333	3028	1505	1459	1811	1569	1660	1668	1673	1568	1587	1376	1484	1749	1729	1495	1811	1741	1662	1665	3154	1727	1574	0	1657	3437	1750	1551	1751	1496	1702	1474	1695	1706	1568	1624	3263	1672	3071	1463	1638	1680	1542	1586	1674	3066	1558	1300	1591	1702	1526	3324	3113	1512	1628	1687	1536	1742	1643	1267	1417	1384	1628	1581	1501	1426	1506	1622	1578
PD9478bt	1575	1718	1478	1569	1572	1634	1533	1519	3164	1624	1579	1540	3089	1576	1508	1886	1652	1717	1715	1748	1771	1688	1597	1691	1796	1800	1702	1864	1800	1871	1738	3223	1768	1615	1657	0	3474	1809	1610	1788	1713	1731	1689	1776	1793	1631	1659	3318	1763	3088	1684	1707	1727	1617	1785	1723	3103	1617	1595	1654	1775	1619	3367	3160	1709	1817	1814	1745	1813	1692	1468	1476	1585	1677	1644	1582	1645	1449	1681	1647
PD9478bv	3321	3492	3262	3337	3358	3414	3335	3307	3156	3426	3351	3314	3083	3336	3272	3634	3416	3505	3497	3514	3553	3476	3385	3495	3570	3550	3492	3656	3536	3635	3500	3343	3546	3391	3437	3474	0	3583	3388	3556	3497	3545	3479	3538	3543	3403	3449	3376	3521	3574	3446	3455	3523	3431	3551	3469	3119	3401	3381	3426	3531	3409	3403	3172	3481	3605	3576	3507	3565	3466	3256	3262	3351	3471	3388	3354	3421	3371	3431	3403
PD9478bw	1462	1853	1511	1626	1687	1695	1644	1618	3245	1759	1578	1645	3172	1645	1415	1797	1755	1780	1788	1811	1888	1769	1698	1780	1907	1813	1797	1917	1827	1976	1777	3284	1859	1706	1750	1809	3583	0	1671	1817	1830	1876	1780	1803	1866	1584	1770	3383	1856	3193	1761	1756	1846	1728	1892	1650	3200	1528	1672	1759	1676	1750	3450	3275	1824	1926	1911	1852	1732	1773	1573	1539	1694	1802	1677	1685	1742	1678	1762	1700
PD9478bx	1411	1640	1336	1425	1474	1404	1439	1425	3062	1560	1419	1440	2975	1460	1366	1746	1560	1597	1615	1596	1673	1598	1505	1589	1746	1560	1602	1656	1574	1797	1498	3105	1712	1521	1551	1610	3388	1671	0	1656	1623	1679	1593	1532	1677	1481	1581	3234	1679	3032	1592	1577	1631	1529	1689	1587	3007	1471	1503	1560	1613	1547	3281	3060	1625	1743	1734	1647	1653	1582	1392	1340	1475	1625	1400	1474	1551	1481	1547	1509
PD9478by	1541	1824	1430	1627	1664	1682	1625	1627	3256	1754	1517	1632	3171	1668	1510	1890	1750	1795	1795	1808	1883	1784	1675	1791	1920	1828	1802	1922	1850	1977	1778	3287	1884	1693	1751	1788	3556	1817	1656	0	1813	1871	1779	1796	1871	1617	1773	3390	1859	3170	1770	1749	1825	1727	1885	1711	3187	1607	1675	1758	1765	1725	3441	3244	1795	1907	1910	1819	1827	1764	1586	1534	1697	1773	1670	1684	1753	1659	1747	1701
PD9478bz	1556	1395	1491	1556	1165	1665	1544	1386	3177	1651	1566	1231	3076	1561	1523	1869	1629	1730	1720	1749	1508	1645	1394	1344	1817	1787	1399	1871	1791	1550	1747	3206	1789	1636	1496	1713	3497	1830	1623	1813	0	1770	1474	1765	1760	1622	1700	3323	1722	3125	1461	1710	1728	1608	1654	1728	3100	1638	1440	1629	1776	1594	3374	3151	1458	1672	1757	1416	1820	1709	1261	1483	1260	1706	1651	1549	1518	1582	1674	1650
PD9478ca	1616	1775	1547	1608	1633	1695	1582	1586	3207	1649	1638	1587	3132	1617	1565	1935	1703	1778	1764	1779	1828	1741	1660	1752	1813	1821	1749	1933	1847	1934	1771	3270	1681	1664	1702	1731	3545	1876	1679	1871	1770	0	1730	1827	1840	1694	1678	3337	1804	3141	1723	1742	1732	1682	1848	1766	3154	1642	1648	1687	1796	1678	3418	3209	1776	1886	1865	1770	1848	1735	1527	1519	1642	1716	1689	1625	1702	1622	1718	1674
PD9478cb	1516	1479	1449	1528	1333	1611	1502	1354	3149	1617	1536	1307	3048	1527	1477	1837	1587	1706	1688	1689	1540	1577	1322	1448	1797	1749	1449	1843	1775	1648	1723	3186	1761	1614	1474	1689	3479	1780	1593	1779	1474	1730	0	1737	1720	1600	1650	3295	1708	3085	1437	1668	1722	1576	1612	1700	3080	1600	1398	1611	1722	1562	3352	3125	1464	1660	1729	1502	1780	1693	1175	1437	1334	1662	1625	1513	1448	1560	1654	1626
PD9478cc	1547	1782	1476	1569	1632	1514	1587	1577	3224	1706	1555	1600	3119	1612	1508	1894	1700	1775	1757	1728	1813	1762	1663	1745	1884	1656	1760	1750	1664	1933	1600	3217	1850	1659	1695	1776	3538	1803	1532	1796	1765	1827	1737	0	1835	1623	1725	3358	1809	3156	1734	1683	1769	1683	1859	1731	3153	1599	1649	1694	1763	1689	3409	3206	1769	1877	1886	1785	1817	1730	1532	1488	1633	1747	1520	1646	1713	1621	1701	1655
PD9478cd	1600	1787	1541	1630	1613	1715	1602	1584	3245	1733	1632	1575	3150	1617	1567	1933	1671	1804	1800	1813	1834	1733	1638	1720	1889	1851	1735	1937	1857	1920	1807	3294	1839	1708	1706	1793	3543	1866	1677	1871	1760	1840	1720	1835	0	1686	1744	3375	1720	3141	1713	1768	1804	1650	1820	1804	3168	1692	1644	1701	1828	1668	3418	3215	1756	1874	1833	1762	1886	1765	1519	1545	1624	1764	1711	1617	1700	1658	1730	1708
PD9478ce	1312	1635	1315	1448	1483	1491	1432	1432	3073	1559	1408	1449	2984	1485	1265	1415	1549	1632	1626	1631	1688	1603	1506	1604	1739	1621	1611	1741	1641	1784	1617	3112	1717	1524	1568	1631	3403	1584	1481	1617	1622	1694	1600	1623	1686	0	1586	3221	1670	3015	1583	1568	1646	1538	1712	1422	3022	1366	1486	1559	1532	1540	3286	3071	1636	1754	1725	1648	1576	1599	1399	1357	1500	1624	1479	1493	1560	1488	1574	1524
PD9478cf	1502	1707	1447	1536	1533	1603	1502	1484	3127	1443	1532	1491	3042	1519	1451	1849	1609	1684	1706	1715	1736	1659	1560	1646	1637	1733	1673	1831	1751	1854	1681	3160	1685	1576	1624	1659	3449	1770	1581	1773	1700	1678	1650	1725	1744	1586	0	3243	1704	3095	1639	1660	1392	1606	1746	1680	3070	1568	1556	1623	1704	1606	3330	3137	1672	1822	1793	1706	1754	1677	1455	1451	1556	1636	1603	1551	1618	1524	1646	1614
PD9478cg	3145	3316	3076	3155	3158	3234	3137	3123	3062	3232	3159	3122	2975	3158	3110	3468	3254	3329	3297	3340	3373	3302	3211	3287	3420	3372	3310	3456	3364	3463	3322	3193	3380	3215	3263	3318	3376	3383	3234	3390	3323	3337	3295	3358	3375	3221	3243	0	3357	3432	3264	3279	3323	3251	3379	3311	3019	3209	3207	3238	3335	3243	3281	3094	3305	3439	3410	3305	3375	3286	3084	3060	3177	3299	3234	3154	3241	3185	3257	3193
PD9478ch	1606	1739	1537	1598	1583	1695	1574	1544	3217	1697	1626	1549	3134	1607	1557	1927	1645	1764	1762	1785	1790	1727	1610	1710	1867	1831	1715	1917	1849	1876	1765	3254	1831	1682	1672	1763	3521	1856	1679	1859	1722	1804	1708	1809	1720	1670	1704	3357	0	3155	1691	1744	1770	1646	1810	1768	3158	1676	1606	1677	1814	1638	3394	3205	1732	1842	1833	1740	1862	1761	1489	1529	1590	1720	1689	1585	1668	1630	1730	1684
PD9478ci	2935	3132	2878	2943	2968	2868	2931	2915	3228	3050	2959	2924	3159	2954	2904	3172	3058	3093	3093	3108	3159	3088	2989	3085	3232	3172	3076	3252	3184	3257	3090	3393	3182	3029	3071	3088	3574	3193	3032	3170	3125	3141	3085	3156	3141	3015	3095	3432	3155	0	3046	3079	3141	3037	3191	3119	3221	3007	2999	3042	3139	3039	3459	3280	3097	3233	3224	3125	3197	3076	2866	2840	2977	3083	3022	2988	3061	2997	3083	3007
PD9478cj	1507	1450	1432	1515	1306	1612	1483	1343	3148	1586	1533	1264	3035	1508	1470	1826	1584	1685	1655	1716	1527	1592	1353	1417	1784	1744	1412	1838	1750	1615	1704	3163	1752	1585	1463	1684	3446	1761	1592	1770	1461	1723	1437	1734	1713	1583	1639	3264	1691	3046	0	1661	1683	1563	1595	1687	3067	1585	1405	1594	1715	1535	3325	3130	1435	1643	1724	1465	1767	1658	1224	1428	1307	1675	1588	1510	1461	1533	1641	1605
PD9478ck	1492	1703	1419	1358	1553	1581	1508	1516	3147	1639	1516	1523	3052	1541	1439	1823	1635	1698	1692	1571	1768	1683	1580	1670	1809	1723	1705	1803	1729	1874	1667	3188	1755	1596	1638	1707	3455	1756	1577	1749	1710	1742	1668	1683	1768	1568	1660	3279	1744	3079	1661	0	1710	1612	1786	1652	3090	1552	1584	1641	1700	1620	3342	3117	1696	1830	1803	1728	1744	1637	1465	1431	1578	1690	1591	1559	1634	1578	1642	1424
PD9478cl	1580	1763	1501	1578	1587	1621	1554	1562	3189	1515	1594	1561	3108	1559	1525	1913	1687	1746	1746	1757	1792	1729	1634	1704	1687	1767	1715	1849	1779	1904	1727	3236	1769	1654	1680	1727	3523	1846	1631	1825	1728	1732	1722	1769	1804	1646	1392	3323	1770	3141	1683	1710	0	1666	1808	1738	3122	1622	1634	1653	1768	1648	3402	3169	1750	1854	1823	1752	1828	1725	1491	1495	1618	1710	1637	1617	1678	1584	1694	1652
PD9478cm	1472	1609	1401	1488	1453	1551	1456	1418	3091	1573	1476	1431	2994	1471	1435	1799	1489	1652	1636	1673	1664	1579	1482	1572	1765	1695	1591	1797	1707	1762	1665	3148	1715	1558	1542	1617	3431	1728	1529	1727	1608	1682	1576	1683	1650	1538	1606	3251	1646	3037	1563	1612	1666	0	1686	1650	3016	1516	1486	1557	1686	1542	3318	3075	1614	1732	1697	1630	1746	1621	1363	1397	1468	1618	1561	1285	1536	1488	1592	1572
PD9478cn	1630	1659	1549	1664	1501	1717	1612	1458	3239	1707	1632	1469	3182	1631	1581	1959	1693	1804	1814	1837	1690	1713	1526	1604	1873	1861	1621	1931	1867	1800	1813	3300	1879	1712	1586	1785	3551	1892	1689	1885	1654	1848	1612	1859	1820	1712	1746	3379	1810	3191	1595	1786	1808	1686	0	1806	3172	1696	1508	1727	1852	1670	3448	3253	1628	1690	1821	1654	1902	1779	1417	1561	1496	1770	1719	1647	1502	1670	1764	1732
PD9478co	1414	1749	1419	1534	1575	1603	1550	1540	3159	1641	1506	1547	3086	1563	1369	1673	1647	1710	1712	1725	1790	1695	1610	1694	1821	1739	1713	1807	1741	1892	1697	3198	1793	1616	1674	1723	3469	1650	1587	1711	1728	1766	1700	1731	1804	1422	1680	3311	1768	3119	1687	1652	1738	1650	1806	0	3106	1472	1588	1649	1620	1634	3356	3157	1706	1848	1801	1756	1678	1673	1497	1465	1612	1698	1597	1597	1672	1594	1662	1602
PD9478cp	2924	3129	2873	2950	2967	3025	2936	2910	2797	3025	2940	2925	2712	2955	2891	3263	3069	3132	3082	3135	3184	3113	3006	3080	3211	3173	3083	3277	3177	3278	3109	2960	3199	3040	3066	3103	3119	3200	3007	3187	3100	3154	3080	3153	3168	3022	3070	3019	3158	3221	3067	3090	3122	3016	3172	3106	0	3000	3008	3049	3138	3040	3032	2787	3118	3246	3207	3164	3200	3069	2885	2853	2982	3094	3019	2973	3054	2984	3074	3008
PD9478cq	1280	1641	1287	1426	1473	1491	1432	1424	3061	1547	1390	1427	2974	1453	1229	1635	1537	1590	1598	1593	1676	1585	1500	1582	1705	1647	1607	1741	1651	1770	1593	3102	1673	1494	1558	1617	3401	1528	1471	1607	1638	1642	1600	1599	1692	1366	1568	3209	1676	3007	1585	1552	1622	1516	1696	1472	3000	0	1476	1531	1440	1530	3272	3069	1620	1750	1719	1642	1516	1583	1381	1341	1484	1592	1481	1475	1544	1486	1552	1476
PD9478cr	1428	1459	1377	1444	1285	1527	1400	1092	3063	1521	1440	1249	2954	1431	1377	1737	1511	1606	1604	1625	1504	1511	1318	1402	1687	1661	1417	1741	1673	1592	1617	3104	1675	1520	1300	1595	3381	1672	1503	1675	1440	1648	1398	1649	1644	1486	1556	3207	1606	2999	1405	1584	1634	1486	1508	1588	3008	1476	0	1519	1598	1468	3256	3049	1436	1562	1639	1454	1674	1585	1189	1343	1298	1566	1509	1425	1384	1446	1560	1518
PD9478cs	1487	1662	1424	1505	1500	1570	1093	1453	3112	1584	1503	1472	3007	1246	1432	1830	1584	1671	1661	1688	1695	1600	1519	1607	1756	1708	1622	1810	1724	1787	1664	3157	1728	1573	1591	1654	3426	1759	1560	1758	1629	1687	1611	1694	1701	1559	1623	3238	1677	3042	1594	1641	1653	1557	1727	1649	3049	1531	1519	0	1681	1573	3303	3104	1621	1765	1750	1653	1733	1644	1420	1406	1517	1619	1566	1508	1557	1517	1599	1575
PD9478ct	1440	1773	1441	1568	1619	1641	1586	1584	3215	1685	1536	1577	3116	1617	1381	1765	1701	1750	1762	1745	1816	1749	1652	1742	1867	1773	1731	1865	1783	1928	1729	3258	1833	1638	1702	1775	3531	1676	1613	1765	1776	1796	1722	1763	1828	1532	1704	3335	1814	3139	1715	1700	1768	1686	1852	1620	3138	1440	1598	1681	0	1688	3406	3219	1754	1896	1869	1770	1352	1733	1535	1487	1626	1736	1637	1631	1700	1630	1704	1650
PD9478cu	1484	1599	1407	1480	1431	1573	1458	1402	3101	1561	1486	1405	3002	1485	1431	1811	1541	1646	1662	1667	1642	1501	1466	1544	1743	1697	1569	1797	1725	1746	1659	3146	1715	1560	1526	1619	3409	1750	1547	1725	1594	1678	1562	1689	1668	1540	1606	3243	1638	3039	1535	1620	1648	1542	1670	1634	3040	1530	1468	1573	1688	0	3314	3083	1574	1698	1495	1602	1726	1641	1337	1389	1452	1616	1549	1471	1520	1506	1600	1570
PD9478cv	3206	3383	3137	3212	3227	3283	3198	3164	3063	3285	3208	3191	2984	3227	3139	3513	3289	3356	3378	3401	3432	3359	3252	3324	3447	3429	3347	3505	3431	3544	3387	3228	3433	3284	3324	3367	3403	3450	3281	3441	3374	3418	3352	3409	3418	3286	3330	3281	3394	3459	3325	3342	3402	3318	3448	3356	3032	3272	3256	3303	3406	3314	0	3073	3370	3506	3443	3392	3452	3353	3139	3123	3232	3340	3273	3221	3310	3232	3336	3284
PD9478cw	2973	3164	2908	2991	3028	3076	2977	2977	2830	3076	2999	2984	2765	2996	2948	3316	3112	3163	3165	3168	3219	3138	3043	3125	3258	3196	3148	3312	3222	3319	3162	3029	3222	3071	3113	3160	3172	3275	3060	3244	3151	3209	3125	3206	3215	3071	3137	3094	3205	3280	3130	3117	3169	3075	3253	3157	2787	3069	3049	3104	3219	3083	3073	0	3153	3283	3262	3197	3251	3126	2938	2906	3021	3143	3096	3000	3067	3039	3133	3067
PD9478cx	1548	1473	1479	1556	1323	1653	1538	1368	3175	1639	1552	1267	3070	1559	1503	1873	1623	1728	1716	1751	1412	1639	1374	1438	1827	1787	1449	1869	1787	1594	1731	3228	1791	1632	1512	1709	3481	1824	1625	1795	1458	1776	1464	1769	1756	1636	1672	3305	1732	3097	1435	1696	1750	1614	1628	1706	3118	1620	1436	1621	1754	1574	3370	3153	0	1694	1767	1466	1812	1705	1273	1461	1314	1692	1647	1561	1496	1574	1680	1636
PD9478cy	1688	1693	1603	1710	1537	1797	1660	1484	3283	1775	1686	1503	3208	1687	1643	1999	1759	1842	1856	1881	1744	1765	1554	1656	1947	1919	1651	2011	1905	1840	1865	3320	1903	1768	1628	1817	3605	1926	1743	1907	1672	1886	1660	1877	1874	1754	1822	3439	1842	3233	1643	1830	1854	1732	1690	1848	3246	1750	1562	1765	1896	1698	3506	3283	1694	0	1881	1686	1924	1827	1457	1607	1560	1812	1769	1675	1436	1698	1792	1782
PD9478cz	1655	1774	1606	1669	1622	1758	1651	1581	3274	1750	1667	1574	3175	1670	1628	1980	1726	1851	1827	1834	1815	1668	1659	1737	1914	1880	1746	1984	1906	1911	1860	3305	1876	1753	1687	1814	3576	1911	1734	1910	1757	1865	1729	1886	1833	1725	1793	3410	1833	3224	1724	1803	1823	1697	1821	1801	3207	1719	1639	1750	1869	1495	3443	3262	1767	1881	0	1773	1905	1804	1538	1590	1631	1797	1756	1652	1687	1693	1793	1755
PD9478da	1578	1411	1493	1594	1257	1657	1536	1402	3203	1669	1588	1229	3094	1571	1537	1883	1627	1748	1738	1765	1544	1663	1420	1274	1839	1803	1421	1891	1789	1462	1759	3252	1813	1656	1536	1745	3507	1852	1647	1819	1416	1770	1502	1785	1762	1648	1706	3305	1740	3125	1465	1728	1752	1630	1654	1756	3164	1642	1454	1653	1770	1602	3392	3197	1466	1686	1773	0	1836	1731	1293	1513	1224	1706	1669	1575	1518	1602	1696	1646
PD9478db	1482	1829	1483	1612	1663	1677	1638	1630	3259	1735	1588	1629	3160	1669	1447	1825	1743	1784	1800	1799	1868	1781	1684	1778	1909	1819	1785	1911	1829	1984	1779	3286	1881	1706	1742	1813	3565	1732	1653	1827	1820	1848	1780	1817	1886	1576	1754	3375	1862	3197	1767	1744	1828	1746	1902	1678	3200	1516	1674	1733	1352	1726	3452	3251	1812	1924	1905	1836	0	1759	1589	1537	1678	1780	1691	1677	1724	1678	1738	1672
PD9478dc	1515	1738	1434	1527	1570	1600	1533	1535	3138	1646	1533	1534	3071	1544	1462	1834	1624	1575	1547	1704	1773	1678	1589	1691	1812	1714	1680	1836	1732	1871	1702	3189	1774	1455	1643	1692	3466	1773	1582	1764	1709	1735	1693	1730	1765	1599	1677	3286	1761	3076	1658	1637	1725	1621	1779	1673	3069	1583	1585	1644	1733	1641	3353	3126	1705	1827	1804	1731	1759	0	1474	1308	1567	1687	1606	1584	1645	1579	1527	1587
PD9478l	1321	1286	1252	1329	1114	1414	1303	1123	2926	1408	1323	1068	2839	1316	1276	1646	1382	1491	1497	1532	1329	1400	1109	1241	1608	1560	1264	1642	1568	1435	1498	2983	1558	1397	1267	1468	3256	1573	1392	1586	1261	1527	1175	1532	1519	1399	1455	3084	1489	2866	1224	1465	1491	1363	1417	1497	2885	1381	1189	1420	1535	1337	3139	2938	1273	1457	1538	1293	1589	1474	0	1250	1127	1453	1408	1296	1263	1347	1439	1413
PD9478n	1275	1486	1202	1289	1326	1370	1287	1281	2912	1408	1301	1284	2797	1316	1232	1614	1416	1327	1327	1468	1533	1458	1351	1441	1586	1516	1450	1612	1522	1649	1476	2971	1536	1237	1417	1476	3262	1539	1340	1534	1483	1519	1437	1488	1545	1357	1451	3060	1529	2840	1428	1431	1495	1397	1561	1465	2853	1341	1343	1406	1487	1389	3123	2906	1461	1607	1590	1513	1537	1308	1250	0	1341	1449	1382	1340	1411	1343	1275	1363
PD9478o	1422	1271	1345	1430	1105	1505	1400	1248	3025	1515	1428	1067	2930	1409	1377	1737	1499	1606	1578	1609	1392	1513	1262	1176	1701	1647	1247	1737	1657	1366	1595	3090	1665	1514	1384	1585	3351	1694	1475	1697	1260	1642	1334	1633	1624	1500	1556	3177	1590	2977	1307	1578	1618	1468	1496	1612	2982	1484	1298	1517	1626	1452	3232	3021	1314	1560	1631	1224	1678	1567	1127	1341	0	1566	1505	1419	1368	1434	1544	1518
PD9478p	1540	1713	1467	1554	1545	1619	1508	1504	3153	1625	1548	1519	3054	1543	1481	1849	1647	1712	1708	1705	1760	1665	1578	1662	1781	1767	1673	1849	1765	1858	1709	3182	1747	1626	1628	1677	3471	1802	1625	1773	1706	1716	1662	1747	1764	1624	1636	3299	1720	3083	1675	1690	1710	1618	1770	1698	3094	1592	1566	1619	1736	1616	3340	3143	1692	1812	1797	1706	1780	1687	1453	1449	1566	0	1623	1563	1630	1536	1664	1626
PD9478q	1427	1664	1350	1451	1478	1434	1471	1457	3080	1562	1451	1464	2995	1486	1380	1744	1576	1637	1631	1622	1701	1608	1523	1605	1744	1576	1638	1656	1588	1813	1510	3119	1716	1543	1581	1644	3388	1677	1400	1670	1651	1689	1625	1520	1711	1479	1603	3234	1689	3022	1588	1591	1637	1561	1719	1597	3019	1481	1509	1566	1637	1549	3273	3096	1647	1769	1756	1669	1691	1606	1408	1382	1505	1623	0	1518	1579	1499	1579	1535
PD9478r	1419	1554	1354	1433	1396	1504	1401	1363	3026	1516	1431	1370	2935	1410	1370	1768	1454	1603	1605	1608	1631	1532	1427	1523	1696	1628	1536	1752	1658	1713	1612	3069	1662	1505	1501	1582	3354	1685	1474	1684	1549	1625	1513	1646	1617	1493	1551	3154	1585	2988	1510	1559	1617	1285	1647	1597	2973	1475	1425	1508	1631	1471	3221	3000	1561	1675	1652	1575	1677	1584	1296	1340	1419	1563	1518	0	1485	1453	1553	1501
PD9478t	1488	1515	1405	1492	1351	1585	1464	1296	3089	1581	1492	1311	3016	1493	1459	1821	1559	1668	1662	1687	1552	1569	1376	1472	1777	1723	1461	1819	1735	1674	1687	3148	1711	1574	1426	1645	3421	1742	1551	1753	1518	1702	1448	1713	1700	1560	1618	3241	1668	3061	1461	1634	1678	1536	1502	1672	3054	1544	1384	1557	1700	1520	3310	3067	1496	1436	1687	1518	1724	1645	1263	1411	1368	1630	1579	1485	0	1508	1618	1586
PD9478v	1418	1595	1343	1416	1425	1495	1404	1390	3033	1509	1432	1401	2948	1431	1377	1743	1517	1586	1598	1639	1648	1555	1460	1566	1679	1641	1567	1733	1651	1738	1607	3072	1639	1498	1506	1449	3371	1678	1481	1659	1582	1622	1560	1621	1658	1488	1524	3185	1630	2997	1533	1578	1584	1488	1670	1594	2984	1486	1446	1517	1630	1506	3232	3039	1574	1698	1693	1602	1678	1579	1347	1343	1434	1536	1499	1453	1508	0	1546	1510
PD9478w	1486	1691	1413	1502	1511	1579	1496	1478	3111	1613	1508	1501	3010	1519	1431	1823	1607	1302	1454	1683	1726	1657	1562	1662	1777	1721	1651	1809	1733	1840	1677	3170	1749	1452	1622	1681	3431	1762	1547	1747	1674	1718	1654	1701	1730	1574	1646	3257	1730	3083	1641	1642	1694	1592	1764	1662	3074	1552	1560	1599	1704	1600	3336	3133	1680	1792	1793	1696	1738	1527	1439	1275	1544	1664	1579	1553	1618	1546	0	1580
PD9478z	1438	1667	1367	1278	1465	1527	1470	1448	3077	1575	1458	1467	2984	1481	1381	1775	1581	1626	1622	1495	1706	1645	1518	1620	1755	1667	1631	1755	1659	1784	1615	3132	1703	1526	1578	1647	3403	1700	1509	1701	1650	1674	1626	1655	1708	1524	1614	3193	1684	3007	1605	1424	1652	1572	1732	1602	3008	1476	1518	1575	1650	1570	3284	3067	1636	1782	1755	1646	1672	1587	1413	1363	1518	1626	1535	1501	1586	1510	1580	0
